#	time(s)	count A	count B	count C	count D
1	0.0100			51	
2	0.0200			51	
3	0.0300			50	
4	0.0400			49	
5	0.0500			48	
6	0.0600			47	
7	0.0700			46	
8	0.0800			44	
9	0.0900			42	
10	0.1000			40	
11	0.1100			37	
12	0.1200			35	
13	0.1300			32	
14	0.1400			30	
15	0.1500			27	
16	0.1600			24	
17	0.1700			21	
18	0.1800			18	
19	0.1900			14	
20	0.2000			11	
21	0.2100			8	
22	0.2200			4	
23	0.2300			0	
24	0.2400			-3	
25	0.2500			-6	
26	0.2600			-10	
27	0.2700			-14	
28	0.2800			-17	
29	0.2900			-20	
30	0.3000			-24	
31	0.3100			-27	
32	0.3200			-30	
33	0.3300			-33	
34	0.3400			-36	
35	0.3500			-39	
36	0.3600			-42	
37	0.3700			-44	
38	0.3800			-46	
39	0.3900			-49	
40	0.4000			-51	
41	0.4100			-53	
42	0.4200			-54	
43	0.4300			-56	
44	0.4400			-57	
45	0.4500			-58	
46	0.4600			-59	
47	0.4700			-59	
48	0.4800			-60	
49	0.4900			-60	
50	0.5000			-60	
51	0.5100			-60	
52	0.5200			-59	
53	0.5300			-59	
54	0.5400			-58	
55	0.5500			-56	
56	0.5600			-55	
57	0.5700			-54	
58	0.5800			-52	
59	0.5900			-50	
60	0.6000			-48	
61	0.6100			-46	
62	0.6200			-43	
63	0.6300			-41	
64	0.6400			-38	
65	0.6500			-35	
66	0.6600			-32	
67	0.6700			-29	
68	0.6800			-26	
69	0.6900			-23	
70	0.7000			-19	
71	0.7100			-16	
72	0.7200			-12	
73	0.7300			-9	
74	0.7400			-6	
75	0.7500			-2	
76	0.7600			2	
77	0.7700			5	
78	0.7800			8	
79	0.7900			12	
80	0.8000			15	
81	0.8100			18	
82	0.8200			22	
83	0.8300			25	
84	0.8400			27	
85	0.8500			30	
86	0.8600			33	
87	0.8700			35	
88	0.8800			38	
89	0.8900			40	
90	0.9000			42	
91	0.9100			44	
92	0.9200			46	
93	0.9300			47	
94	0.9400			48	
95	0.9500			49	
96	0.9600			50	
97	0.9700			51	
98	0.9800			51	
99	0.9900			51	
100	1.0000			51	
101	1.0100			51	
102	1.0200			50	
103	1.0300			50	
104	1.0400			49	
105	1.0500			48	
106	1.0600			46	
107	1.0700			45	
108	1.0800			43	
109	1.0900			41	
110	1.1000			39	
111	1.1100			37	
112	1.1200			34	
113	1.1300			32	
114	1.1400			29	
115	1.1500			26	
116	1.1600			23	
117	1.1700			20	
118	1.1800			17	
119	1.1900			14	
120	1.2000			11	
121	1.2100			7	
122	1.2200			4	
123	1.2300			0	
124	1.2400			-3	
125	1.2500			-7	
126	1.2600			-10	
127	1.2700			-14	
128	1.2800			-17	
129	1.2900			-20	
130	1.3000			-24	
131	1.3100			-27	
132	1.3200			-30	
133	1.3300			-33	
134	1.3400			-36	
135	1.3500			-39	
136	1.3600			-41	
137	1.3700			-44	
138	1.3800			-46	
139	1.3900			-48	
140	1.4000			-50	
141	1.4100			-52	
142	1.4200			-54	
143	1.4300			-55	
144	1.4400			-56	
145	1.4500			-57	
146	1.4600			-58	
147	1.4700			-59	
148	1.4800			-59	
149	1.4900			-59	
150	1.5000			-59	
151	1.5100			-59	
152	1.5200			-59	
153	1.5300			-58	
154	1.5400			-57	
155	1.5500			-56	
156	1.5600			-54	
157	1.5700			-53	
158	1.5800			-51	
159	1.5900			-49	
160	1.6000			-47	
161	1.6100			-45	
162	1.6200			-43	
163	1.6300			-40	
164	1.6400			-37	
165	1.6500			-35	
166	1.6600			-32	
167	1.6700			-28	
168	1.6800			-25	
169	1.6900			-22	
170	1.7000			-19	
171	1.7100			-15	
172	1.7200			-12	
173	1.7300			-9	
174	1.7400			-5	
175	1.7500			-2	
176	1.7600			2	
177	1.7700			5	
178	1.7800			9	
179	1.7900			12	
180	1.8000			15	
181	1.8100			18	
182	1.8200			22	
183	1.8300			24	
184	1.8400			27	
185	1.8500			30	
186	1.8600			33	
187	1.8700			35	
188	1.8800			38	
189	1.8900			40	
190	1.9000			42	
191	1.9100			44	
192	1.9200			45	
193	1.9300			47	
194	1.9400			48	
195	1.9500			49	
196	1.9600			50	
197	1.9700			50	
198	1.9800			50	
199	1.9900			51	
200	2.0000			51	
201	2.0100			50	
202	2.0200			50	
203	2.0300			49	
204	2.0400			48	
205	2.0500			47	
206	2.0600			46	
207	2.0700			44	
208	2.0800			42	
209	2.0900			41	
210	2.1000			38	
211	2.1100			36	
212	2.1200			34	
213	2.1300			31	
214	2.1400			29	
215	2.1500			26	
216	2.1600			23	
217	2.1700			20	
218	2.1800			17	
219	2.1900			14	
220	2.2000			10	
221	2.2100			7	
222	2.2200			3	
223	2.2300			0	
224	2.2400			-4	
225	2.2500			-7	
226	2.2600			-10	
227	2.2700			-14	
228	2.2800			-17	
229	2.2900			-20	
230	2.3000			-24	
231	2.3100			-27	
232	2.3200			-30	
233	2.3300			-33	
234	2.3400			-36	
235	2.3500			-39	
236	2.3600			-41	
237	2.3700			-44	
238	2.3800			-46	
239	2.3900			-48	
240	2.4000			-50	
241	2.4100			-52	
242	2.4200			-53	
243	2.4300			-55	
244	2.4400			-56	
245	2.4500			-57	
246	2.4600			-58	
247	2.4700			-58	
248	2.4800			-59	
249	2.4900			-59	
250	2.5000			-59	
251	2.5100			-58	
252	2.5200			-58	
253	2.5300			-57	
254	2.5400			-56	
255	2.5500			-55	
256	2.5600			-54	
257	2.5700			-52	
258	2.5800			-51	
259	2.5900			-49	
260	2.6000			-47	
261	2.6100			-44	
262	2.6200			-42	
263	2.6300			-40	
264	2.6400			-37	
265	2.6500			-34	
266	2.6600			-31	
267	2.6700			-28	
268	2.6800			-25	
269	2.6900			-22	
270	2.7000			-18	
271	2.7100			-15	
272	2.7200			-12	
273	2.7300			-8	
274	2.7400			-5	
275	2.7500			-1	
276	2.7600			2	
277	2.7700			5	
278	2.7800			9	
279	2.7900			12	
280	2.8000			15	
281	2.8100			18	
282	2.8200			22	
283	2.8300			24	
284	2.8400			27	
285	2.8500			30	
286	2.8600			33	
287	2.8700			35	
288	2.8800			37	
289	2.8900			40	
290	2.9000			42	
291	2.9100			43	
292	2.9200			45	
293	2.9300			46	
294	2.9400			47	
295	2.9500			48	
296	2.9600			49	
297	2.9700			50	
298	2.9800			50	
299	2.9900			50	
300	3.0000			50	
301	3.0100			50	
302	3.0200			49	
303	3.0300			49	
304	3.0400			48	
305	3.0500			47	
306	3.0600			45	
307	3.0700			44	
308	3.0800			42	
309	3.0900			40	
310	3.1000			38	
311	3.1100			36	
312	3.1200			33	
313	3.1300			31	
314	3.1400			28	
315	3.1500			25	
316	3.1600			22	
317	3.1700			19	
318	3.1800			16	
319	3.1900			13	
320	3.2000			10	
321	3.2100			6	
322	3.2200			3	
323	3.2300			0	
324	3.2400			-4	
325	3.2500			-7	
326	3.2600			-11	
327	3.2700			-14	
328	3.2800			-17	
329	3.2900			-21	
330	3.3000			-24	
331	3.3100			-27	
332	3.3200			-30	
333	3.3300			-33	
334	3.3400			-36	
335	3.3500			-39	
336	3.3600			-41	
337	3.3700			-44	
338	3.3800			-46	
339	3.3900			-48	
340	3.4000			-50	
341	3.4100			-52	
342	3.4200			-53	
343	3.4300			-54	
344	3.4400			-56	
345	3.4500			-57	
346	3.4600			-57	
347	3.4700			-58	
348	3.4800			-58	
349	3.4900			-58	
350	3.5000			-58	
351	3.5100			-58	
352	3.5200			-58	
353	3.5300			-57	
354	3.5400			-56	
355	3.5500			-55	
356	3.5600			-53	
357	3.5700			-52	
358	3.5800			-50	
359	3.5900			-48	
360	3.6000			-46	
361	3.6100			-44	
362	3.6200			-42	
363	3.6300			-39	
364	3.6400			-36	
365	3.6500			-34	
366	3.6600			-30	
367	3.6700			-28	
368	3.6800			-24	
369	3.6900			-21	
370	3.7000			-18	
371	3.7100			-15	
372	3.7200			-11	
373	3.7300			-8	
374	3.7400			-4	
375	3.7500			-1	
376	3.7600			2	
377	3.7700			6	
378	3.7800			9	
379	3.7900			12	
380	3.8000			15	
381	3.8100			19	
382	3.8200			22	
383	3.8300			24	
384	3.8400			27	
385	3.8500			30	
386	3.8600			33	
387	3.8700			35	
388	3.8800			37	
389	3.8900			39	
390	3.9000			41	
391	3.9100			43	
392	3.9200			44	
393	3.9300			46	
394	3.9400			47	
395	3.9500			48	
396	3.9600			49	
397	3.9700			49	
398	3.9800			50	
399	3.9900			50	
400	4.0000			50	
401	4.0100			49	
402	4.0200			49	
403	4.0300			48	
404	4.0400			47	
405	4.0500			46	
406	4.0600			44	
407	4.0700			43	
408	4.0800			41	
409	4.0900			39	
410	4.1000			37	
411	4.1100			35	
412	4.1200			33	
413	4.1300			30	
414	4.1400			28	
415	4.1500			25	
416	4.1600			22	
417	4.1700			19	
418	4.1800			16	
419	4.1900			12	
420	4.2000			9	
421	4.2100			6	
422	4.2200			2	
423	4.2300			-1	
424	4.2400			-4	
425	4.2500			-8	
426	4.2600			-11	
427	4.2700			-14	
428	4.2800			-18	
429	4.2900			-21	
430	4.3000			-24	
431	4.3100			-27	
432	4.3200			-30	
433	4.3300			-33	
434	4.3400			-36	
435	4.3500			-38	
436	4.3600			-41	
437	4.3700			-43	
438	4.3800			-46	
439	4.3900			-48	
440	4.4000			-50	
441	4.4100			-51	
442	4.4200			-53	
443	4.4300			-54	
444	4.4400			-55	
445	4.4500			-56	
446	4.4600			-57	
447	4.4700			-58	
448	4.4800			-58	
449	4.4900			-58	
450	4.5000			-58	
451	4.5100			-57	
452	4.5200			-57	
453	4.5300			-56	
454	4.5400			-55	
455	4.5500			-54	
456	4.5600			-53	
457	4.5700			-51	
458	4.5800			-50	
459	4.5900			-48	
460	4.6000			-46	
461	4.6100			-43	
462	4.6200			-41	
463	4.6300			-38	
464	4.6400			-36	
465	4.6500			-33	
466	4.6600			-30	
467	4.6700			-27	
468	4.6800			-24	
469	4.6900			-21	
470	4.7000			-18	
471	4.7100			-14	
472	4.7200			-11	
473	4.7300			-8	
474	4.7400			-4	
475	4.7500			-1	
476	4.7600			3	
477	4.7700			6	
478	4.7800			9	
479	4.7900			12	
480	4.8000			16	
481	4.8100			19	
482	4.8200			22	
483	4.8300			24	
484	4.8400			27	
485	4.8500			30	
486	4.8600			32	
487	4.8700			35	
488	4.8800			37	
489	4.8900			39	
490	4.9000			41	
491	4.9100			43	
492	4.9200			44	
493	4.9300			45	
494	4.9400			47	
495	4.9500			48	
496	4.9600			48	
497	4.9700			49	
498	4.9800			49	
499	4.9900			49	
500	5.0000			49	
501	5.0100			49	
502	5.0200			48	
503	5.0300			47	
504	5.0400			46	
505	5.0500			45	
506	5.0600			44	
507	5.0700			42	
508	5.0800			41	
509	5.0900			39	
510	5.1000			37	
511	5.1100			35	
512	5.1200			32	
513	5.1300			30	
514	5.1400			27	
515	5.1500			24	
516	5.1600			21	
517	5.1700			18	
518	5.1800			15	
519	5.1900			12	
520	5.2000			9	
521	5.2100			6	
522	5.2200			2	
523	5.2300			-1	
524	5.2400			-4	
525	5.2500			-8	
526	5.2600			-11	
527	5.2700			-14	
528	5.2800			-18	
529	5.2900			-21	
530	5.3000			-24	
531	5.3100			-27	
532	5.3200			-30	
533	5.3300			-33	
534	5.3400			-36	
535	5.3500			-38	
536	5.3600			-41	
537	5.3700			-43	
538	5.3800			-45	
539	5.3900			-47	
540	5.4000			-49	
541	5.4100			-51	
542	5.4200			-52	
543	5.4300			-54	
544	5.4400			-55	
545	5.4500			-56	
546	5.4600			-56	
547	5.4700			-57	
548	5.4800			-57	
549	5.4900			-57	
550	5.5000			-57	
551	5.5100			-57	
552	5.5200			-56	
553	5.5300			-56	
554	5.5400			-54	
555	5.5500			-53	
556	5.5600			-52	
557	5.5700			-50	
558	5.5800			-49	
559	5.5900			-47	
560	5.6000			-45	
561	5.6100			-42	
562	5.6200			-40	
563	5.6300			-38	
564	5.6400			-35	
565	5.6500			-32	
566	5.6600			-29	
567	5.6700			-26	
568	5.6800			-23	
569	5.6900			-20	
570	5.7000			-17	
571	5.7100			-14	
572	5.7200			-10	
573	5.7300			-7	
574	5.7400			-4	
575	5.7500			0	
576	5.7600			3	
577	5.7700			6	
578	5.7800			9	
579	5.7900			13	
580	5.8000			16	
581	5.8100			19	
582	5.8200			22	
583	5.8300			25	
584	5.8400			27	
585	5.8500			30	
586	5.8600			32	
587	5.8700			35	
588	5.8800			37	
589	5.8900			39	
590	5.9000			41	
591	5.9100			42	
592	5.9200			44	
593	5.9300			45	
594	5.9400			46	
595	5.9500			47	
596	5.9600			48	
597	5.9700			48	
598	5.9800			48	
599	5.9900			49	
600	6.0000			48	
601	6.0100			48	
602	6.0200			48	
603	6.0300			47	
604	6.0400			46	
605	6.0500			45	
606	6.0600			43	
607	6.0700			42	
608	6.0800			40	
609	6.0900			38	
610	6.1000			36	
611	6.1100			34	
612	6.1200			31	
613	6.1300			29	
614	6.1400			26	
615	6.1500			24	
616	6.1600			21	
617	6.1700			18	
618	6.1800			15	
619	6.1900			12	
620	6.2000			8	
621	6.2100			5	
622	6.2200			2	
623	6.2300			-2	
624	6.2400			-5	
625	6.2500			-8	
626	6.2600			-11	
627	6.2700			-15	
628	6.2800			-18	
629	6.2900			-21	
630	6.3000			-24	
631	6.3100			-27	
632	6.3200			-30	
633	6.3300			-33	
634	6.3400			-36	
635	6.3500			-38	
636	6.3600			-41	
637	6.3700			-43	
638	6.3800			-45	
639	6.3900			-47	
640	6.4000			-49	
641	6.4100			-50	
642	6.4200			-52	
643	6.4300			-53	
644	6.4400			-54	
645	6.4500			-55	
646	6.4600			-56	
647	6.4700			-56	
648	6.4800			-57	
649	6.4900			-57	
650	6.5000			-56	
651	6.5100			-56	
652	6.5200			-56	
653	6.5300			-55	
654	6.5400			-54	
655	6.5500			-53	
656	6.5600			-51	
657	6.5700			-50	
658	6.5800			-48	
659	6.5900			-46	
660	6.6000			-44	
661	6.6100			-42	
662	6.6200			-40	
663	6.6300			-37	
664	6.6400			-34	
665	6.6500			-32	
666	6.6600			-29	
667	6.6700			-26	
668	6.6800			-23	
669	6.6900			-20	
670	6.7000			-16	
671	6.7100			-13	
672	6.7200			-10	
673	6.7300			-7	
674	6.7400			-3	
675	6.7500			0	
676	6.7600			3	
677	6.7700			6	
678	6.7800			10	
679	6.7900			13	
680	6.8000			16	
681	6.8100			19	
682	6.8200			22	
683	6.8300			24	
684	6.8400			27	
685	6.8500			30	
686	6.8600			32	
687	6.8700			34	
688	6.8800			36	
689	6.8900			38	
690	6.9000			40	
691	6.9100			42	
692	6.9200			43	
693	6.9300			45	
694	6.9400			46	
695	6.9500			46	
696	6.9600			47	
697	6.9700			48	
698	6.9800			48	
699	6.9900			48	
700	7.0000			48	
701	7.0100			47	
702	7.0200			47	
703	7.0300			46	
704	7.0400			45	
705	7.0500			44	
706	7.0600			43	
707	7.0700			41	
708	7.0800			39	
709	7.0900			38	
710	7.1000			35	
711	7.1100			33	
712	7.1200			31	
713	7.1300			28	
714	7.1400			26	
715	7.1500			23	
716	7.1600			20	
717	7.1700			17	
718	7.1800			14	
719	7.1900			11	
720	7.2000			8	
721	7.2100			5	
722	7.2200			1	
723	7.2300			-2	
724	7.2400			-5	
725	7.2500			-8	
726	7.2600			-12	
727	7.2700			-15	
728	7.2800			-18	
729	7.2900			-21	
730	7.3000			-24	
731	7.3100			-27	
732	7.3200			-30	
733	7.3300			-33	
734	7.3400			-36	
735	7.3500			-38	
736	7.3600			-40	
737	7.3700			-43	
738	7.3800			-45	
739	7.3900			-47	
740	7.4000			-48	
741	7.4100			-50	
742	7.4200			-52	
743	7.4300			-53	
744	7.4400			-54	
745	7.4500			-55	
746	7.4600			-55	
747	7.4700			-56	
748	7.4800			-56	
749	7.4900			-56	
750	7.5000			-56	
751	7.5100			-56	
752	7.5200			-55	
753	7.5300			-54	
754	7.5400			-53	
755	7.5500			-52	
756	7.5600			-51	
757	7.5700			-49	
758	7.5800			-48	
759	7.5900			-46	
760	7.6000			-44	
761	7.6100			-41	
762	7.6200			-39	
763	7.6300			-36	
764	7.6400			-34	
765	7.6500			-31	
766	7.6600			-28	
767	7.6700			-25	
768	7.6800			-22	
769	7.6900			-19	
770	7.7000			-16	
771	7.7100			-13	
772	7.7200			-10	
773	7.7300			-6	
774	7.7400			-3	
775	7.7500			0	
776	7.7600			3	
777	7.7700			6	
778	7.7800			10	
779	7.7900			13	
780	7.8000			16	
781	7.8100			19	
782	7.8200			22	
783	7.8300			24	
784	7.8400			27	
785	7.8500			30	
786	7.8600			32	
787	7.8700			34	
788	7.8800			36	
789	7.8900			38	
790	7.9000			40	
791	7.9100			42	
792	7.9200			43	
793	7.9300			44	
794	7.9400			45	
795	7.9500			46	
796	7.9600			47	
797	7.9700			47	
798	7.9800			47	
799	7.9900			47	
800	8.0000			47	
801	8.0100			47	
802	8.0200			46	
803	8.0300			46	
804	8.0400			45	
805	8.0500			43	
806	8.0600			42	
807	8.0700			40	
808	8.0800			39	
809	8.0900			37	
810	8.1000			35	
811	8.1100			33	
812	8.1200			30	
813	8.1300			28	
814	8.1400			25	
815	8.1500			22	
816	8.1600			20	
817	8.1700			17	
818	8.1800			14	
819	8.1900			11	
820	8.2000			8	
821	8.2100			4	
822	8.2200			1	
823	8.2300			-2	
824	8.2400			-5	
825	8.2500			-8	
826	8.2600			-12	
827	8.2700			-15	
828	8.2800			-18	
829	8.2900			-21	
830	8.3000			-24	
831	8.3100			-27	
832	8.3200			-30	
833	8.3300			-33	
834	8.3400			-35	
835	8.3500			-38	
836	8.3600			-40	
837	8.3700			-42	
838	8.3800			-45	
839	8.3900			-46	
840	8.4000			-48	
841	8.4100			-50	
842	8.4200			-51	
843	8.4300			-52	
844	8.4400			-54	
845	8.4500			-54	
846	8.4600			-55	
847	8.4700			-56	
848	8.4800			-56	
849	8.4900			-56	
850	8.5000			-56	
851	8.5100			-55	
852	8.5200			-55	
853	8.5300			-54	
854	8.5400			-53	
855	8.5500			-52	
856	8.5600			-50	
857	8.5700			-49	
858	8.5800			-47	
859	8.5900			-45	
860	8.6000			-43	
861	8.6100			-41	
862	8.6200			-39	
863	8.6300			-36	
864	8.6400			-34	
865	8.6500			-31	
866	8.6600			-28	
867	8.6700			-25	
868	8.6800			-22	
869	8.6900			-19	
870	8.7000			-16	
871	8.7100			-13	
872	8.7200			-10	
873	8.7300			-6	
874	8.7400			-3	
875	8.7500			0	
876	8.7600			3	
877	8.7700			6	
878	8.7800			10	
879	8.7900			13	
880	8.8000			16	
881	8.8100			19	
882	8.8200			22	
883	8.8300			24	
884	8.8400			27	
885	8.8500			29	
886	8.8600			32	
887	8.8700			34	
888	8.8800			36	
889	8.8900			38	
890	8.9000			40	
891	8.9100			41	
892	8.9200			43	
893	8.9300			44	
894	8.9400			45	
895	8.9500			46	
896	8.9600			46	
897	8.9700			47	
898	8.9800			47	
899	8.9900			47	
900	9.0000			47	
901	9.0100			46	
902	9.0200			46	
903	9.0300			45	
904	9.0400			44	
905	9.0500			43	
906	9.0600			41	
907	9.0700			40	
908	9.0800			38	
909	9.0900			36	
910	9.1000			34	
911	9.1100			32	
912	9.1200			30	
913	9.1300			27	
914	9.1400			25	
915	9.1500			22	
916	9.1600			19	
917	9.1700			16	
918	9.1800			13	
919	9.1900			10	
920	9.2000			7	
921	9.2100			4	
922	9.2200			1	
923	9.2300			-2	
924	9.2400			-6	
925	9.2500			-9	
926	9.2600			-12	
927	9.2700			-15	
928	9.2800			-18	
929	9.2900			-21	
930	9.3000			-24	
931	9.3100			-27	
932	9.3200			-30	
933	9.3300			-33	
934	9.3400			-35	
935	9.3500			-38	
936	9.3600			-40	
937	9.3700			-42	
938	9.3800			-44	
939	9.3900			-46	
940	9.4000			-48	
941	9.4100			-49	
942	9.4200			-51	
943	9.4300			-52	
944	9.4400			-53	
945	9.4500			-54	
946	9.4600			-54	
947	9.4700			-55	
948	9.4800			-55	
949	9.4900			-55	
950	9.5000			-55	
951	9.5100			-54	
952	9.5200			-54	
953	9.5300			-53	
954	9.5400			-52	
955	9.5500			-51	
956	9.5600			-50	
957	9.5700			-48	
958	9.5800			-46	
959	9.5900			-44	
960	9.6000			-42	
961	9.6100			-40	
962	9.6200			-38	
963	9.6300			-36	
964	9.6400			-33	
965	9.6500			-30	
966	9.6600			-27	
967	9.6700			-25	
968	9.6800			-22	
969	9.6900			-19	
970	9.7000			-16	
971	9.7100			-12	
972	9.7200			-9	
973	9.7300			-6	
974	9.7400			-3	
975	9.7500			0	
976	9.7600			4	
977	9.7700			7	
978	9.7800			10	
979	9.7900			13	
980	9.8000			16	
981	9.8100			19	
982	9.8200			22	
983	9.8300			24	
984	9.8400			27	
985	9.8500			29	
986	9.8600			31	
987	9.8700			34	
988	9.8800			36	
989	9.8900			38	
990	9.9000			39	
991	9.9100			41	
992	9.9200			42	
993	9.9300			43	
994	9.9400			44	
995	9.9500			45	
996	9.9600			46	
997	9.9700			46	
998	9.9800			46	
999	9.9900			46	
1000	10.0000			46	
