#	time(s)	count A	count B	count C	count D
1	0.0100			38	
2	0.0200			37	
3	0.0300			37	
4	0.0400			37	
5	0.0500			36	
6	0.0600			35	
7	0.0700			34	
8	0.0800			33	
9	0.0900			31	
10	0.1000			29	
11	0.1100			28	
12	0.1200			26	
13	0.1300			23	
14	0.1400			21	
15	0.1500			19	
16	0.1600			16	
17	0.1700			13	
18	0.1800			11	
19	0.1900			8	
20	0.2000			5	
21	0.2100			2	
22	0.2200			-1	
23	0.2300			-4	
24	0.2400			-7	
25	0.2500			-11	
26	0.2600			-14	
27	0.2700			-17	
28	0.2800			-20	
29	0.2900			-24	
30	0.3000			-27	
31	0.3100			-30	
32	0.3200			-33	
33	0.3300			-36	
34	0.3400			-40	
35	0.3500			-42	
36	0.3600			-45	
37	0.3700			-48	
38	0.3800			-51	
39	0.3900			-53	
40	0.4000			-56	
41	0.4100			-58	
42	0.4200			-60	
43	0.4300			-62	
44	0.4400			-64	
45	0.4500			-66	
46	0.4600			-67	
47	0.4700			-68	
48	0.4800			-70	
49	0.4900			-71	
50	0.5000			-72	
51	0.5100			-72	
52	0.5200			-72	
53	0.5300			-73	
54	0.5400			-73	
55	0.5500			-72	
56	0.5600			-72	
57	0.5700			-72	
58	0.5800			-71	
59	0.5900			-70	
60	0.6000			-69	
61	0.6100			-67	
62	0.6200			-66	
63	0.6300			-64	
64	0.6400			-63	
65	0.6500			-61	
66	0.6600			-59	
67	0.6700			-56	
68	0.6800			-54	
69	0.6900			-52	
70	0.7000			-49	
71	0.7100			-47	
72	0.7200			-44	
73	0.7300			-41	
74	0.7400			-38	
75	0.7500			-36	
76	0.7600			-33	
77	0.7700			-30	
78	0.7800			-27	
79	0.7900			-24	
80	0.8000			-21	
81	0.8100			-18	
82	0.8200			-15	
83	0.8300			-12	
84	0.8400			-10	
85	0.8500			-7	
86	0.8600			-4	
87	0.8700			-2	
88	0.8800			1	
89	0.8900			3	
90	0.9000			6	
91	0.9100			8	
92	0.9200			10	
93	0.9300			12	
94	0.9400			13	
95	0.9500			15	
96	0.9600			16	
97	0.9700			18	
98	0.9800			19	
99	0.9900			20	
100	1.0000			20	
101	1.0100			21	
102	1.0200			21	
103	1.0300			21	
104	1.0400			21	
105	1.0500			21	
106	1.0600			21	
107	1.0700			20	
108	1.0800			20	
109	1.0900			19	
110	1.1000			18	
111	1.1100			17	
112	1.1200			16	
113	1.1300			15	
114	1.1400			13	
115	1.1500			12	
116	1.1600			10	
117	1.1700			9	
118	1.1800			7	
119	1.1900			5	
120	1.2000			3	
121	1.2100			1	
122	1.2200			-1	
123	1.2300			-3	
124	1.2400			-5	
125	1.2500			-7	
126	1.2600			-10	
127	1.2700			-12	
128	1.2800			-14	
129	1.2900			-17	
130	1.3000			-19	
131	1.3100			-22	
132	1.3200			-24	
133	1.3300			-26	
134	1.3400			-28	
135	1.3500			-31	
136	1.3600			-33	
137	1.3700			-35	
138	1.3800			-37	
139	1.3900			-39	
140	1.4000			-41	
141	1.4100			-43	
142	1.4200			-45	
143	1.4300			-47	
144	1.4400			-48	
145	1.4500			-50	
146	1.4600			-52	
147	1.4700			-53	
148	1.4800			-54	
149	1.4900			-55	
150	1.5000			-56	
151	1.5100			-57	
152	1.5200			-57	
153	1.5300			-58	
154	1.5400			-58	
155	1.5500			-58	
156	1.5600			-59	
157	1.5700			-59	
158	1.5800			-58	
159	1.5900			-58	
160	1.6000			-58	
161	1.6100			-57	
162	1.6200			-56	
163	1.6300			-56	
164	1.6400			-55	
165	1.6500			-54	
166	1.6600			-52	
167	1.6700			-51	
168	1.6800			-50	
169	1.6900			-48	
170	1.7000			-47	
171	1.7100			-45	
172	1.7200			-43	
173	1.7300			-41	
174	1.7400			-40	
175	1.7500			-38	
176	1.7600			-36	
177	1.7700			-34	
178	1.7800			-32	
179	1.7900			-29	
180	1.8000			-27	
181	1.8100			-25	
182	1.8200			-23	
183	1.8300			-21	
184	1.8400			-19	
185	1.8500			-17	
186	1.8600			-15	
187	1.8700			-13	
188	1.8800			-11	
189	1.8900			-9	
190	1.9000			-7	
191	1.9100			-5	
192	1.9200			-3	
193	1.9300			-2	
194	1.9400			0	
195	1.9500			1	
196	1.9600			3	
197	1.9700			4	
198	1.9800			5	
199	1.9900			6	
200	2.0000			7	
201	2.0100			8	
202	2.0200			8	
203	2.0300			9	
204	2.0400			9	
205	2.0500			10	
206	2.0600			10	
207	2.0700			10	
208	2.0800			10	
209	2.0900			9	
210	2.1000			9	
211	2.1100			9	
212	2.1200			8	
213	2.1300			7	
214	2.1400			7	
215	2.1500			6	
216	2.1600			5	
217	2.1700			4	
218	2.1800			3	
219	2.1900			2	
220	2.2000			1	
221	2.2100			-1	
222	2.2200			-2	
223	2.2300			-4	
224	2.2400			-5	
225	2.2500			-7	
226	2.2600			-8	
227	2.2700			-10	
228	2.2800			-12	
229	2.2900			-13	
230	2.3000			-15	
231	2.3100			-17	
232	2.3200			-18	
233	2.3300			-20	
234	2.3400			-22	
235	2.3500			-24	
236	2.3600			-26	
237	2.3700			-27	
238	2.3800			-29	
239	2.3900			-30	
240	2.4000			-32	
241	2.4100			-34	
242	2.4200			-35	
243	2.4300			-37	
244	2.4400			-38	
245	2.4500			-39	
246	2.4600			-41	
247	2.4700			-42	
248	2.4800			-43	
249	2.4900			-44	
250	2.5000			-45	
251	2.5100			-46	
252	2.5200			-47	
253	2.5300			-47	
254	2.5400			-48	
255	2.5500			-48	
256	2.5600			-49	
257	2.5700			-49	
258	2.5800			-49	
259	2.5900			-49	
260	2.6000			-49	
261	2.6100			-49	
262	2.6200			-49	
263	2.6300			-48	
264	2.6400			-48	
265	2.6500			-48	
266	2.6600			-47	
267	2.6700			-46	
268	2.6800			-45	
269	2.6900			-44	
270	2.7000			-43	
271	2.7100			-42	
272	2.7200			-41	
273	2.7300			-40	
274	2.7400			-39	
275	2.7500			-37	
276	2.7600			-36	
277	2.7700			-35	
278	2.7800			-33	
279	2.7900			-32	
280	2.8000			-30	
281	2.8100			-29	
282	2.8200			-27	
283	2.8300			-26	
284	2.8400			-24	
285	2.8500			-22	
286	2.8600			-21	
287	2.8700			-19	
288	2.8800			-18	
289	2.8900			-16	
290	2.9000			-15	
291	2.9100			-13	
292	2.9200			-12	
293	2.9300			-10	
294	2.9400			-9	
295	2.9500			-8	
296	2.9600			-7	
297	2.9700			-6	
298	2.9800			-4	
299	2.9900			-4	
300	3.0000			-3	
301	3.0100			-2	
302	3.0200			-1	
303	3.0300			0	
304	3.0400			0	
305	3.0500			1	
306	3.0600			1	
307	3.0700			2	
308	3.0800			2	
309	3.0900			2	
310	3.1000			2	
311	3.1100			2	
312	3.1200			2	
313	3.1300			1	
314	3.1400			1	
315	3.1500			1	
316	3.1600			0	
317	3.1700			0	
318	3.1800			-1	
319	3.1900			-2	
320	3.2000			-2	
321	3.2100			-3	
322	3.2200			-4	
323	3.2300			-5	
324	3.2400			-6	
325	3.2500			-7	
326	3.2600			-8	
327	3.2700			-10	
328	3.2800			-11	
329	3.2900			-12	
330	3.3000			-13	
331	3.3100			-15	
332	3.3200			-16	
333	3.3300			-17	
334	3.3400			-19	
335	3.3500			-20	
336	3.3600			-21	
337	3.3700			-23	
338	3.3800			-24	
339	3.3900			-25	
340	3.4000			-27	
341	3.4100			-28	
342	3.4200			-29	
343	3.4300			-30	
344	3.4400			-32	
345	3.4500			-33	
346	3.4600			-34	
347	3.4700			-35	
348	3.4800			-36	
349	3.4900			-37	
350	3.5000			-38	
351	3.5100			-39	
352	3.5200			-39	
353	3.5300			-40	
354	3.5400			-41	
355	3.5500			-41	
356	3.5600			-42	
357	3.5700			-42	
358	3.5800			-42	
359	3.5900			-43	
360	3.6000			-43	
361	3.6100			-43	
362	3.6200			-43	
363	3.6300			-43	
364	3.6400			-43	
365	3.6500			-43	
366	3.6600			-42	
367	3.6700			-42	
368	3.6800			-41	
369	3.6900			-41	
370	3.7000			-40	
371	3.7100			-40	
372	3.7200			-39	
373	3.7300			-38	
374	3.7400			-37	
375	3.7500			-36	
376	3.7600			-36	
377	3.7700			-34	
378	3.7800			-33	
379	3.7900			-32	
380	3.8000			-31	
381	3.8100			-30	
382	3.8200			-29	
383	3.8300			-28	
384	3.8400			-27	
385	3.8500			-26	
386	3.8600			-24	
387	3.8700			-23	
388	3.8800			-22	
389	3.8900			-21	
390	3.9000			-19	
391	3.9100			-18	
392	3.9200			-17	
393	3.9300			-16	
394	3.9400			-15	
395	3.9500			-14	
396	3.9600			-13	
397	3.9700			-12	
398	3.9800			-11	
399	3.9900			-10	
400	4.0000			-9	
401	4.0100			-8	
402	4.0200			-8	
403	4.0300			-7	
404	4.0400			-6	
405	4.0500			-6	
406	4.0600			-5	
407	4.0700			-5	
408	4.0800			-4	
409	4.0900			-4	
410	4.1000			-4	
411	4.1100			-4	
412	4.1200			-4	
413	4.1300			-4	
414	4.1400			-4	
415	4.1500			-4	
416	4.1600			-4	
417	4.1700			-4	
418	4.1800			-5	
419	4.1900			-5	
420	4.2000			-6	
421	4.2100			-6	
422	4.2200			-7	
423	4.2300			-7	
424	4.2400			-8	
425	4.2500			-9	
426	4.2600			-9	
427	4.2700			-10	
428	4.2800			-11	
429	4.2900			-12	
430	4.3000			-13	
431	4.3100			-14	
432	4.3200			-15	
433	4.3300			-16	
434	4.3400			-17	
435	4.3500			-18	
436	4.3600			-19	
437	4.3700			-20	
438	4.3800			-21	
439	4.3900			-22	
440	4.4000			-23	
441	4.4100			-24	
442	4.4200			-25	
443	4.4300			-26	
444	4.4400			-27	
445	4.4500			-28	
446	4.4600			-29	
447	4.4700			-30	
448	4.4800			-31	
449	4.4900			-32	
450	4.5000			-33	
451	4.5100			-34	
452	4.5200			-34	
453	4.5300			-35	
454	4.5400			-36	
455	4.5500			-36	
456	4.5600			-37	
457	4.5700			-37	
458	4.5800			-38	
459	4.5900			-38	
460	4.6000			-38	
461	4.6100			-38	
462	4.6200			-38	
463	4.6300			-39	
464	4.6400			-39	
465	4.6500			-38	
466	4.6600			-38	
467	4.6700			-38	
468	4.6800			-38	
469	4.6900			-38	
470	4.7000			-38	
471	4.7100			-37	
472	4.7200			-37	
473	4.7300			-36	
474	4.7400			-36	
475	4.7500			-35	
476	4.7600			-34	
477	4.7700			-34	
478	4.7800			-33	
479	4.7900			-32	
480	4.8000			-31	
481	4.8100			-30	
482	4.8200			-30	
483	4.8300			-29	
484	4.8400			-28	
485	4.8500			-27	
486	4.8600			-26	
487	4.8700			-25	
488	4.8800			-24	
489	4.8900			-23	
490	4.9000			-22	
491	4.9100			-21	
492	4.9200			-20	
493	4.9300			-19	
494	4.9400			-18	
495	4.9500			-18	
496	4.9600			-17	
497	4.9700			-16	
498	4.9800			-15	
499	4.9900			-14	
500	5.0000			-14	
501	5.0100			-13	
502	5.0200			-12	
503	5.0300			-11	
504	5.0400			-11	
505	5.0500			-10	
506	5.0600			-10	
507	5.0700			-9	
508	5.0800			-9	
509	5.0900			-9	
510	5.1000			-8	
511	5.1100			-8	
512	5.1200			-8	
513	5.1300			-8	
514	5.1400			-8	
515	5.1500			-8	
516	5.1600			-8	
517	5.1700			-8	
518	5.1800			-8	
519	5.1900			-8	
520	5.2000			-8	
521	5.2100			-9	
522	5.2200			-9	
523	5.2300			-9	
524	5.2400			-10	
525	5.2500			-10	
526	5.2600			-11	
527	5.2700			-11	
528	5.2800			-12	
529	5.2900			-12	
530	5.3000			-13	
531	5.3100			-14	
532	5.3200			-15	
533	5.3300			-15	
534	5.3400			-16	
535	5.3500			-17	
536	5.3600			-18	
537	5.3700			-19	
538	5.3800			-19	
539	5.3900			-20	
540	5.4000			-21	
541	5.4100			-22	
542	5.4200			-23	
543	5.4300			-24	
544	5.4400			-24	
545	5.4500			-25	
546	5.4600			-26	
547	5.4700			-27	
548	5.4800			-28	
549	5.4900			-28	
550	5.5000			-29	
551	5.5100			-30	
552	5.5200			-30	
553	5.5300			-31	
554	5.5400			-32	
555	5.5500			-32	
556	5.5600			-33	
557	5.5700			-33	
558	5.5800			-34	
559	5.5900			-34	
560	5.6000			-34	
561	5.6100			-34	
562	5.6200			-35	
563	5.6300			-35	
564	5.6400			-35	
565	5.6500			-35	
566	5.6600			-35	
567	5.6700			-35	
568	5.6800			-35	
569	5.6900			-35	
570	5.7000			-35	
571	5.7100			-35	
572	5.7200			-34	
573	5.7300			-34	
574	5.7400			-34	
575	5.7500			-33	
576	5.7600			-33	
577	5.7700			-32	
578	5.7800			-32	
579	5.7900			-31	
580	5.8000			-31	
581	5.8100			-30	
582	5.8200			-30	
583	5.8300			-29	
584	5.8400			-28	
585	5.8500			-28	
586	5.8600			-27	
587	5.8700			-26	
588	5.8800			-26	
589	5.8900			-25	
590	5.9000			-24	
591	5.9100			-23	
592	5.9200			-22	
593	5.9300			-22	
594	5.9400			-21	
595	5.9500			-20	
596	5.9600			-20	
597	5.9700			-19	
598	5.9800			-18	
599	5.9900			-18	
600	6.0000			-17	
601	6.0100			-16	
602	6.0200			-16	
603	6.0300			-15	
604	6.0400			-14	
605	6.0500			-14	
606	6.0600			-14	
607	6.0700			-13	
608	6.0800			-13	
609	6.0900			-12	
610	6.1000			-12	
611	6.1100			-12	
612	6.1200			-11	
613	6.1300			-11	
614	6.1400			-11	
615	6.1500			-11	
616	6.1600			-11	
617	6.1700			-11	
618	6.1800			-11	
619	6.1900			-11	
620	6.2000			-11	
621	6.2100			-11	
622	6.2200			-11	
623	6.2300			-12	
624	6.2400			-12	
625	6.2500			-12	
626	6.2600			-12	
627	6.2700			-13	
628	6.2800			-13	
629	6.2900			-14	
630	6.3000			-14	
631	6.3100			-14	
632	6.3200			-15	
633	6.3300			-16	
634	6.3400			-16	
635	6.3500			-17	
636	6.3600			-17	
637	6.3700			-18	
638	6.3800			-18	
639	6.3900			-19	
640	6.4000			-20	
641	6.4100			-20	
642	6.4200			-21	
643	6.4300			-22	
644	6.4400			-22	
645	6.4500			-23	
646	6.4600			-24	
647	6.4700			-24	
648	6.4800			-25	
649	6.4900			-26	
650	6.5000			-26	
651	6.5100			-27	
652	6.5200			-27	
653	6.5300			-28	
654	6.5400			-28	
655	6.5500			-29	
656	6.5600			-29	
657	6.5700			-30	
658	6.5800			-30	
659	6.5900			-31	
660	6.6000			-31	
661	6.6100			-31	
662	6.6200			-32	
663	6.6300			-32	
664	6.6400			-32	
665	6.6500			-32	
666	6.6600			-32	
667	6.6700			-32	
668	6.6800			-32	
669	6.6900			-32	
670	6.7000			-32	
671	6.7100			-32	
672	6.7200			-32	
673	6.7300			-32	
674	6.7400			-32	
675	6.7500			-32	
676	6.7600			-31	
677	6.7700			-31	
678	6.7800			-31	
679	6.7900			-30	
680	6.8000			-30	
681	6.8100			-30	
682	6.8200			-29	
683	6.8300			-29	
684	6.8400			-28	
685	6.8500			-28	
686	6.8600			-27	
687	6.8700			-27	
688	6.8800			-26	
689	6.8900			-26	
690	6.9000			-25	
691	6.9100			-24	
692	6.9200			-24	
693	6.9300			-23	
694	6.9400			-23	
695	6.9500			-22	
696	6.9600			-22	
697	6.9700			-21	
698	6.9800			-20	
699	6.9900			-20	
700	7.0000			-19	
701	7.0100			-19	
702	7.0200			-18	
703	7.0300			-18	
704	7.0400			-17	
705	7.0500			-17	
706	7.0600			-16	
707	7.0700			-16	
708	7.0800			-16	
709	7.0900			-15	
710	7.1000			-15	
711	7.1100			-14	
712	7.1200			-14	
713	7.1300			-14	
714	7.1400			-14	
715	7.1500			-14	
716	7.1600			-13	
717	7.1700			-13	
718	7.1800			-13	
719	7.1900			-13	
720	7.2000			-13	
721	7.2100			-13	
722	7.2200			-13	
723	7.2300			-13	
724	7.2400			-14	
725	7.2500			-14	
726	7.2600			-14	
727	7.2700			-14	
728	7.2800			-14	
729	7.2900			-15	
730	7.3000			-15	
731	7.3100			-15	
732	7.3200			-16	
733	7.3300			-16	
734	7.3400			-16	
735	7.3500			-17	
736	7.3600			-17	
737	7.3700			-18	
738	7.3800			-18	
739	7.3900			-19	
740	7.4000			-19	
741	7.4100			-20	
742	7.4200			-20	
743	7.4300			-21	
744	7.4400			-21	
745	7.4500			-22	
746	7.4600			-22	
747	7.4700			-23	
748	7.4800			-23	
749	7.4900			-24	
750	7.5000			-24	
751	7.5100			-25	
752	7.5200			-25	
753	7.5300			-26	
754	7.5400			-26	
755	7.5500			-26	
756	7.5600			-27	
757	7.5700			-27	
758	7.5800			-28	
759	7.5900			-28	
760	7.6000			-28	
761	7.6100			-29	
762	7.6200			-29	
763	7.6300			-29	
764	7.6400			-29	
765	7.6500			-30	
766	7.6600			-30	
767	7.6700			-30	
768	7.6800			-30	
769	7.6900			-30	
770	7.7000			-30	
771	7.7100			-30	
772	7.7200			-30	
773	7.7300			-30	
774	7.7400			-30	
775	7.7500			-30	
776	7.7600			-30	
777	7.7700			-30	
778	7.7800			-29	
779	7.7900			-29	
780	7.8000			-29	
781	7.8100			-29	
782	7.8200			-28	
783	7.8300			-28	
784	7.8400			-28	
785	7.8500			-27	
786	7.8600			-27	
787	7.8700			-27	
788	7.8800			-26	
789	7.8900			-26	
790	7.9000			-25	
791	7.9100			-25	
792	7.9200			-24	
793	7.9300			-24	
794	7.9400			-24	
795	7.9500			-23	
796	7.9600			-23	
797	7.9700			-22	
798	7.9800			-22	
799	7.9900			-21	
800	8.0000			-21	
801	8.0100			-20	
802	8.0200			-20	
803	8.0300			-20	
804	8.0400			-19	
805	8.0500			-19	
806	8.0600			-18	
807	8.0700			-18	
808	8.0800			-18	
809	8.0900			-17	
810	8.1000			-17	
811	8.1100			-17	
812	8.1200			-16	
813	8.1300			-16	
814	8.1400			-16	
815	8.1500			-16	
816	8.1600			-16	
817	8.1700			-16	
818	8.1800			-15	
819	8.1900			-15	
820	8.2000			-15	
821	8.2100			-15	
822	8.2200			-15	
823	8.2300			-15	
824	8.2400			-15	
825	8.2500			-15	
826	8.2600			-15	
827	8.2700			-15	
828	8.2800			-16	
829	8.2900			-16	
830	8.3000			-16	
831	8.3100			-16	
832	8.3200			-16	
833	8.3300			-17	
834	8.3400			-17	
835	8.3500			-17	
836	8.3600			-18	
837	8.3700			-18	
838	8.3800			-18	
839	8.3900			-18	
840	8.4000			-19	
841	8.4100			-19	
842	8.4200			-20	
843	8.4300			-20	
844	8.4400			-20	
845	8.4500			-21	
846	8.4600			-21	
847	8.4700			-22	
848	8.4800			-22	
849	8.4900			-22	
850	8.5000			-23	
851	8.5100			-23	
852	8.5200			-24	
853	8.5300			-24	
854	8.5400			-24	
855	8.5500			-25	
856	8.5600			-25	
857	8.5700			-26	
858	8.5800			-26	
859	8.5900			-26	
860	8.6000			-26	
861	8.6100			-27	
862	8.6200			-27	
863	8.6300			-27	
864	8.6400			-28	
865	8.6500			-28	
866	8.6600			-28	
867	8.6700			-28	
868	8.6800			-28	
869	8.6900			-28	
870	8.7000			-28	
871	8.7100			-28	
872	8.7200			-28	
873	8.7300			-28	
874	8.7400			-28	
875	8.7500			-28	
876	8.7600			-28	
877	8.7700			-28	
878	8.7800			-28	
879	8.7900			-28	
880	8.8000			-28	
881	8.8100			-28	
882	8.8200			-28	
883	8.8300			-27	
884	8.8400			-27	
885	8.8500			-27	
886	8.8600			-27	
887	8.8700			-26	
888	8.8800			-26	
889	8.8900			-26	
890	8.9000			-25	
891	8.9100			-25	
892	8.9200			-25	
893	8.9300			-24	
894	8.9400			-24	
895	8.9500			-24	
896	8.9600			-23	
897	8.9700			-23	
898	8.9800			-23	
899	8.9900			-22	
900	9.0000			-22	
901	9.0100			-22	
902	9.0200			-21	
903	9.0300			-21	
904	9.0400			-20	
905	9.0500			-20	
906	9.0600			-20	
907	9.0700			-20	
908	9.0800			-19	
909	9.0900			-19	
910	9.1000			-19	
911	9.1100			-18	
912	9.1200			-18	
913	9.1300			-18	
914	9.1400			-18	
915	9.1500			-18	
916	9.1600			-17	
917	9.1700			-17	
918	9.1800			-17	
919	9.1900			-17	
920	9.2000			-17	
921	9.2100			-17	
922	9.2200			-17	
923	9.2300			-17	
924	9.2400			-17	
925	9.2500			-17	
926	9.2600			-17	
927	9.2700			-17	
928	9.2800			-17	
929	9.2900			-17	
930	9.3000			-17	
931	9.3100			-17	
932	9.3200			-17	
933	9.3300			-18	
934	9.3400			-18	
935	9.3500			-18	
936	9.3600			-18	
937	9.3700			-18	
938	9.3800			-19	
939	9.3900			-19	
940	9.4000			-19	
941	9.4100			-20	
942	9.4200			-20	
943	9.4300			-20	
944	9.4400			-20	
945	9.4500			-21	
946	9.4600			-21	
947	9.4700			-21	
948	9.4800			-22	
949	9.4900			-22	
950	9.5000			-22	
951	9.5100			-23	
952	9.5200			-23	
953	9.5300			-23	
954	9.5400			-24	
955	9.5500			-24	
956	9.5600			-24	
957	9.5700			-24	
958	9.5800			-25	
959	9.5900			-25	
960	9.6000			-25	
961	9.6100			-26	
962	9.6200			-26	
963	9.6300			-26	
964	9.6400			-26	
965	9.6500			-26	
966	9.6600			-26	
967	9.6700			-27	
968	9.6800			-27	
969	9.6900			-27	
970	9.7000			-27	
971	9.7100			-27	
972	9.7200			-27	
973	9.7300			-27	
974	9.7400			-27	
975	9.7500			-27	
976	9.7600			-27	
977	9.7700			-27	
978	9.7800			-27	
979	9.7900			-27	
980	9.8000			-27	
981	9.8100			-27	
982	9.8200			-27	
983	9.8300			-27	
984	9.8400			-26	
985	9.8500			-26	
986	9.8600			-26	
987	9.8700			-26	
988	9.8800			-26	
989	9.8900			-25	
990	9.9000			-25	
991	9.9100			-25	
992	9.9200			-25	
993	9.9300			-24	
994	9.9400			-24	
995	9.9500			-24	
996	9.9600			-24	
997	9.9700			-23	
998	9.9800			-23	
999	9.9900			-23	
1000	10.0000			-22	
