#	time(s)	count A	count B	count C	count D
1	0.0100		-18	-59	
2	0.0200		-17	-59	
3	0.0300		-16	-59	
4	0.0400		-16	-59	
5	0.0500		-15	-58	
6	0.0600		-14	-58	
7	0.0700		-14	-57	
8	0.0800		-14	-56	
9	0.0900		-13	-54	
10	0.1000		-13	-52	
11	0.1100		-13	-51	
12	0.1200		-12	-48	
13	0.1300		-12	-46	
14	0.1400		-12	-44	
15	0.1500		-12	-42	
16	0.1600		-13	-39	
17	0.1700		-13	-36	
18	0.1800		-13	-32	
19	0.1900		-14	-30	
20	0.2000		-14	-26	
21	0.2100		-14	-22	
22	0.2200		-15	-19	
23	0.2300		-16	-16	
24	0.2400		-16	-12	
25	0.2500		-17	-8	
26	0.2600		-18	-4	
27	0.2700		-19	-1	
28	0.2800		-20	3	
29	0.2900		-20	7	
30	0.3000		-22	10	
31	0.3100		-22	14	
32	0.3200		-24	18	
33	0.3300		-25	21	
34	0.3400		-26	24	
35	0.3500		-27	28	
36	0.3600		-28	31	
37	0.3700		-29	34	
38	0.3800		-30	36	
39	0.3900		-31	39	
40	0.4000		-32	42	
41	0.4100		-34	44	
42	0.4200		-34	46	
43	0.4300		-36	48	
44	0.4400		-36	49	
45	0.4500		-38	51	
46	0.4600		-38	52	
47	0.4700		-40	52	
48	0.4800		-40	53	
49	0.4900		-41	54	
50	0.5000		-42	54	
51	0.5100		-43	54	
52	0.5200		-43	53	
53	0.5300		-44	53	
54	0.5400		-44	52	
55	0.5500		-45	51	
56	0.5600		-46	50	
57	0.5700		-46	48	
58	0.5800		-46	47	
59	0.5900		-46	45	
60	0.6000		-46	43	
61	0.6100		-46	41	
62	0.6200		-46	38	
63	0.6300		-46	36	
64	0.6400		-46	33	
65	0.6500		-46	30	
66	0.6600		-46	28	
67	0.6700		-46	24	
68	0.6800		-45	21	
69	0.6900		-45	18	
70	0.7000		-44	15	
71	0.7100		-44	11	
72	0.7200		-43	8	
73	0.7300		-42	4	
74	0.7400		-42	1	
75	0.7500		-41	-3	
76	0.7600		-40	-6	
77	0.7700		-39	-10	
78	0.7800		-38	-14	
79	0.7900		-37	-17	
80	0.8000		-36	-20	
81	0.8100		-35	-24	
82	0.8200		-34	-27	
83	0.8300		-33	-30	
84	0.8400		-32	-34	
85	0.8500		-31	-36	
86	0.8600		-30	-40	
87	0.8700		-29	-42	
88	0.8800		-28	-45	
89	0.8900		-26	-47	
90	0.9000		-26	-49	
91	0.9100		-24	-51	
92	0.9200		-23	-53	
93	0.9300		-22	-55	
94	0.9400		-21	-56	
95	0.9500		-20	-57	
96	0.9600		-20	-58	
97	0.9700		-18	-59	
98	0.9800		-18	-59	
99	0.9900		-17	-60	
100	1.0000		-16	-60	
101	1.0100		-16	-59	
102	1.0200		-15	-58	
103	1.0300		-14	-58	
104	1.0400		-14	-57	
105	1.0500		-14	-56	
106	1.0600		-13	-54	
107	1.0700		-13	-52	
108	1.0800		-13	-51	
109	1.0900		-12	-48	
110	1.1000		-12	-46	
111	1.1100		-12	-44	
112	1.1200		-12	-41	
113	1.1300		-13	-38	
114	1.1400		-13	-36	
115	1.1500		-14	-32	
116	1.1600		-14	-29	
117	1.1700		-14	-26	
118	1.1800		-15	-22	
119	1.1900		-16	-19	
120	1.2000		-16	-15	
121	1.2100		-17	-11	
122	1.2200		-18	-8	
123	1.2300		-18	-4	
124	1.2400		-19	0	
125	1.2500		-20	4	
126	1.2600		-21	7	
127	1.2700		-22	11	
128	1.2800		-23	14	
129	1.2900		-24	18	
130	1.3000		-25	22	
131	1.3100		-26	25	
132	1.3200		-27	28	
133	1.3300		-28	31	
134	1.3400		-30	34	
135	1.3500		-30	37	
136	1.3600		-32	40	
137	1.3700		-33	42	
138	1.3800		-34	44	
139	1.3900		-35	46	
140	1.4000		-36	48	
141	1.4100		-37	50	
142	1.4200		-38	51	
143	1.4300		-39	52	
144	1.4400		-40	53	
145	1.4500		-41	54	
146	1.4600		-42	54	
147	1.4700		-42	54	
148	1.4800		-43	54	
149	1.4900		-44	53	
150	1.5000		-44	53	
151	1.5100		-45	52	
152	1.5200		-45	51	
153	1.5300		-46	50	
154	1.5400		-46	48	
155	1.5500		-46	46	
156	1.5600		-46	45	
157	1.5700		-47	43	
158	1.5800		-47	40	
159	1.5900		-47	38	
160	1.6000		-47	36	
161	1.6100		-46	33	
162	1.6200		-46	30	
163	1.6300		-46	27	
164	1.6400		-46	24	
165	1.6500		-46	21	
166	1.6600		-45	18	
167	1.6700		-44	14	
168	1.6800		-44	11	
169	1.6900		-43	8	
170	1.7000		-42	4	
171	1.7100		-42	0	
172	1.7200		-41	-3	
173	1.7300		-40	-7	
174	1.7400		-39	-10	
175	1.7500		-38	-14	
176	1.7600		-37	-18	
177	1.7700		-36	-21	
178	1.7800		-35	-24	
179	1.7900		-34	-28	
180	1.8000		-33	-31	
181	1.8100		-32	-34	
182	1.8200		-31	-37	
183	1.8300		-30	-40	
184	1.8400		-28	-42	
185	1.8500		-28	-45	
186	1.8600		-26	-48	
187	1.8700		-25	-50	
188	1.8800		-24	-52	
189	1.8900		-23	-53	
190	1.9000		-22	-55	
191	1.9100		-21	-56	
192	1.9200		-20	-57	
193	1.9300		-19	-58	
194	1.9400		-18	-59	
195	1.9500		-18	-59	
196	1.9600		-17	-60	
197	1.9700		-16	-60	
198	1.9800		-16	-59	
199	1.9900		-15	-58	
200	2.0000		-14	-58	
201	2.0100		-14	-57	
202	2.0200		-14	-56	
203	2.0300		-13	-54	
204	2.0400		-13	-52	
205	2.0500		-13	-50	
206	2.0600		-12	-48	
207	2.0700		-12	-46	
208	2.0800		-12	-44	
209	2.0900		-13	-41	
210	2.1000		-13	-38	
211	2.1100		-13	-35	
212	2.1200		-14	-32	
213	2.1300		-14	-29	
214	2.1400		-14	-25	
215	2.1500		-15	-22	
216	2.1600		-16	-18	
217	2.1700		-16	-15	
218	2.1800		-17	-11	
219	2.1900		-18	-7	
220	2.2000		-18	-4	
221	2.2100		-20	0	
222	2.2200		-20	4	
223	2.2300		-21	8	
224	2.2400		-22	12	
225	2.2500		-23	15	
226	2.2600		-24	18	
227	2.2700		-25	22	
228	2.2800		-26	25	
229	2.2900		-28	28	
230	2.3000		-28	32	
231	2.3100		-30	35	
232	2.3200		-31	38	
233	2.3300		-32	40	
234	2.3400		-33	42	
235	2.3500		-34	44	
236	2.3600		-35	46	
237	2.3700		-36	48	
238	2.3800		-37	50	
239	2.3900		-38	51	
240	2.4000		-39	52	
241	2.4100		-40	53	
242	2.4200		-41	54	
243	2.4300		-42	54	
244	2.4400		-42	54	
245	2.4500		-43	54	
246	2.4600		-44	53	
247	2.4700		-44	52	
248	2.4800		-45	52	
249	2.4900		-45	51	
250	2.5000		-46	50	
251	2.5100		-46	48	
252	2.5200		-46	46	
253	2.5300		-46	44	
254	2.5400		-47	42	
255	2.5500		-47	40	
256	2.5600		-47	38	
257	2.5700		-46	35	
258	2.5800		-46	32	
259	2.5900		-46	30	
260	2.6000		-46	27	
261	2.6100		-46	24	
262	2.6200		-45	20	
263	2.6300		-45	17	
264	2.6400		-44	14	
265	2.6500		-44	10	
266	2.6600		-43	7	
267	2.6700		-42	4	
268	2.6800		-42	0	
269	2.6900		-41	-4	
270	2.7000		-40	-7	
271	2.7100		-39	-11	
272	2.7200		-38	-14	
273	2.7300		-37	-18	
274	2.7400		-36	-21	
275	2.7500		-35	-25	
276	2.7600		-34	-28	
277	2.7700		-33	-31	
278	2.7800		-32	-34	
279	2.7900		-30	-37	
280	2.8000		-30	-40	
281	2.8100		-28	-43	
282	2.8200		-27	-45	
283	2.8300		-26	-48	
284	2.8400		-25	-50	
285	2.8500		-24	-52	
286	2.8600		-23	-53	
287	2.8700		-22	-55	
288	2.8800		-21	-56	
289	2.8900		-20	-57	
290	2.9000		-19	-58	
291	2.9100		-18	-59	
292	2.9200		-18	-59	
293	2.9300		-17	-59	
294	2.9400		-16	-59	
295	2.9500		-15	-59	
296	2.9600		-15	-58	
297	2.9700		-14	-58	
298	2.9800		-14	-56	
299	2.9900		-14	-55	
300	3.0000		-13	-54	
301	3.0100		-13	-52	
302	3.0200		-13	-50	
303	3.0300		-12	-48	
304	3.0400		-12	-46	
305	3.0500		-12	-43	
306	3.0600		-13	-40	
307	3.0700		-13	-38	
308	3.0800		-13	-34	
309	3.0900		-14	-31	
310	3.1000		-14	-28	
311	3.1100		-14	-24	
312	3.1200		-15	-21	
313	3.1300		-16	-18	
314	3.1400		-16	-14	
315	3.1500		-17	-10	
316	3.1600		-18	-6	
317	3.1700		-18	-3	
318	3.1800		-20	1	
319	3.1900		-20	4	
320	3.2000		-22	8	
321	3.2100		-22	12	
322	3.2200		-24	16	
323	3.2300		-24	19	
324	3.2400		-26	22	
325	3.2500		-26	26	
326	3.2600		-28	29	
327	3.2700		-29	32	
328	3.2800		-30	35	
329	3.2900		-31	38	
330	3.3000		-32	40	
331	3.3100		-33	43	
332	3.3200		-34	45	
333	3.3300		-35	47	
334	3.3400		-36	48	
335	3.3500		-38	50	
336	3.3600		-38	51	
337	3.3700		-39	52	
338	3.3800		-40	53	
339	3.3900		-41	54	
340	3.4000		-42	54	
341	3.4100		-42	54	
342	3.4200		-43	54	
343	3.4300		-44	53	
344	3.4400		-44	52	
345	3.4500		-45	52	
346	3.4600		-46	50	
347	3.4700		-46	49	
348	3.4800		-46	48	
349	3.4900		-46	46	
350	3.5000		-46	44	
351	3.5100		-47	42	
352	3.5200		-47	40	
353	3.5300		-47	37	
354	3.5400		-46	34	
355	3.5500		-46	32	
356	3.5600		-46	29	
357	3.5700		-46	26	
358	3.5800		-46	23	
359	3.5900		-45	20	
360	3.6000		-45	17	
361	3.6100		-44	13	
362	3.6200		-44	10	
363	3.6300		-43	6	
364	3.6400		-42	3	
365	3.6500		-42	-1	
366	3.6600		-40	-4	
367	3.6700		-40	-8	
368	3.6800		-39	-12	
369	3.6900		-38	-15	
370	3.7000		-37	-18	
371	3.7100		-36	-22	
372	3.7200		-35	-26	
373	3.7300		-34	-29	
374	3.7400		-32	-32	
375	3.7500		-32	-35	
376	3.7600		-30	-38	
377	3.7700		-29	-40	
378	3.7800		-28	-43	
379	3.7900		-27	-46	
380	3.8000		-26	-48	
381	3.8100		-25	-50	
382	3.8200		-24	-52	
383	3.8300		-23	-54	
384	3.8400		-22	-55	
385	3.8500		-21	-56	
386	3.8600		-20	-57	
387	3.8700		-19	-58	
388	3.8800		-18	-59	
389	3.8900		-18	-59	
390	3.9000		-16	-59	
391	3.9100		-16	-59	
392	3.9200		-15	-59	
393	3.9300		-15	-58	
394	3.9400		-14	-57	
395	3.9500		-14	-56	
396	3.9600		-13	-55	
397	3.9700		-13	-53	
398	3.9800		-13	-52	
399	3.9900		-13	-50	
400	4.0000		-12	-47	
401	4.0100		-12	-45	
402	4.0200		-12	-42	
403	4.0300		-13	-40	
404	4.0400		-13	-37	
405	4.0500		-13	-34	
406	4.0600		-14	-30	
407	4.0700		-14	-27	
408	4.0800		-14	-24	
409	4.0900		-15	-20	
410	4.1000		-16	-17	
411	4.1100		-16	-13	
412	4.1200		-17	-10	
413	4.1300		-18	-6	
414	4.1400		-19	-2	
415	4.1500		-20	2	
416	4.1600		-20	6	
417	4.1700		-22	9	
418	4.1800		-22	13	
419	4.1900		-24	16	
420	4.2000		-24	20	
421	4.2100		-26	23	
422	4.2200		-27	26	
423	4.2300		-28	30	
424	4.2400		-29	33	
425	4.2500		-30	36	
426	4.2600		-31	38	
427	4.2700		-32	41	
428	4.2800		-33	43	
429	4.2900		-34	45	
430	4.3000		-36	47	
431	4.3100		-36	49	
432	4.3200		-38	50	
433	4.3300		-38	52	
434	4.3400		-40	52	
435	4.3500		-40	53	
436	4.3600		-41	54	
437	4.3700		-42	54	
438	4.3800		-42	54	
439	4.3900		-43	53	
440	4.4000		-44	53	
441	4.4100		-44	52	
442	4.4200		-45	51	
443	4.4300		-46	50	
444	4.4400		-46	49	
445	4.4500		-46	47	
446	4.4600		-46	46	
447	4.4700		-46	44	
448	4.4800		-47	42	
449	4.4900		-47	39	
450	4.5000		-47	37	
451	4.5100		-46	34	
452	4.5200		-46	32	
453	4.5300		-46	28	
454	4.5400		-46	26	
455	4.5500		-46	22	
456	4.5600		-45	19	
457	4.5700		-44	16	
458	4.5800		-44	13	
459	4.5900		-44	9	
460	4.6000		-43	6	
461	4.6100		-42	2	
462	4.6200		-41	-2	
463	4.6300		-40	-5	
464	4.6400		-40	-8	
465	4.6500		-38	-12	
466	4.6600		-38	-16	
467	4.6700		-37	-19	
468	4.6800		-36	-22	
469	4.6900		-34	-26	
470	4.7000		-34	-29	
471	4.7100		-32	-32	
472	4.7200		-32	-35	
473	4.7300		-30	-38	
474	4.7400		-29	-41	
475	4.7500		-28	-44	
476	4.7600		-27	-46	
477	4.7700		-26	-48	
478	4.7800		-25	-50	
479	4.7900		-24	-52	
480	4.8000		-23	-54	
481	4.8100		-22	-55	
482	4.8200		-21	-56	
483	4.8300		-20	-57	
484	4.8400		-19	-58	
485	4.8500		-18	-58	
486	4.8600		-17	-59	
487	4.8700		-16	-59	
488	4.8800		-16	-58	
489	4.8900		-15	-58	
490	4.9000		-14	-58	
491	4.9100		-14	-56	
492	4.9200		-14	-56	
493	4.9300		-13	-54	
494	4.9400		-13	-52	
495	4.9500		-13	-51	
496	4.9600		-12	-49	
497	4.9700		-12	-46	
498	4.9800		-12	-44	
499	4.9900		-12	-42	
500	5.0000		-13	-39	
501	5.0100		-13	-36	
502	5.0200		-13	-33	
503	5.0300		-14	-30	
504	5.0400		-14	-26	
505	5.0500		-14	-23	
506	5.0600		-15	-20	
507	5.0700		-16	-16	
508	5.0800		-16	-12	
509	5.0900		-17	-9	
510	5.1000		-18	-5	
511	5.1100		-19	-1	
512	5.1200		-20	2	
513	5.1300		-21	6	
514	5.1400		-22	10	
515	5.1500		-22	14	
516	5.1600		-24	17	
517	5.1700		-25	20	
518	5.1800		-26	24	
519	5.1900		-27	27	
520	5.2000		-28	30	
521	5.2100		-29	33	
522	5.2200		-30	36	
523	5.2300		-31	38	
524	5.2400		-32	41	
525	5.2500		-34	44	
526	5.2600		-34	46	
527	5.2700		-36	47	
528	5.2800		-36	49	
529	5.2900		-38	50	
530	5.3000		-38	52	
531	5.3100		-40	52	
532	5.3200		-40	53	
533	5.3300		-41	54	
534	5.3400		-42	54	
535	5.3500		-43	54	
536	5.3600		-44	53	
537	5.3700		-44	53	
538	5.3800		-44	52	
539	5.3900		-45	51	
540	5.4000		-46	50	
541	5.4100		-46	48	
542	5.4200		-46	47	
543	5.4300		-46	45	
544	5.4400		-46	43	
545	5.4500		-47	41	
546	5.4600		-47	39	
547	5.4700		-47	36	
548	5.4800		-46	34	
549	5.4900		-46	31	
550	5.5000		-46	28	
551	5.5100		-46	25	
552	5.5200		-46	22	
553	5.5300		-45	19	
554	5.5400		-44	15	
555	5.5500		-44	12	
556	5.5600		-44	8	
557	5.5700		-43	5	
558	5.5800		-42	2	
559	5.5900		-41	-2	
560	5.6000		-40	-6	
561	5.6100		-40	-9	
562	5.6200		-38	-13	
563	5.6300		-38	-16	
564	5.6400		-36	-20	
565	5.6500		-36	-23	
566	5.6600		-34	-26	
567	5.6700		-34	-30	
568	5.6800		-32	-33	
569	5.6900		-31	-36	
570	5.7000		-30	-39	
571	5.7100		-29	-42	
572	5.7200		-28	-44	
573	5.7300		-27	-46	
574	5.7400		-26	-49	
575	5.7500		-24	-51	
576	5.7600		-24	-52	
577	5.7700		-22	-54	
578	5.7800		-22	-56	
579	5.7900		-20	-56	
580	5.8000		-20	-58	
581	5.8100		-19	-58	
582	5.8200		-18	-59	
583	5.8300		-17	-59	
584	5.8400		-16	-59	
585	5.8500		-16	-59	
586	5.8600		-15	-58	
587	5.8700		-14	-58	
588	5.8800		-14	-57	
589	5.8900		-14	-56	
590	5.9000		-13	-54	
591	5.9100		-13	-52	
592	5.9200		-13	-51	
593	5.9300		-12	-48	
594	5.9400		-12	-46	
595	5.9500		-12	-44	
596	5.9600		-12	-41	
597	5.9700		-13	-39	
598	5.9800		-13	-36	
599	5.9900		-13	-32	
600	6.0000		-14	-30	
601	6.0100		-14	-26	
602	6.0200		-14	-22	
603	6.0300		-15	-19	
604	6.0400		-16	-16	
605	6.0500		-16	-12	
606	6.0600		-17	-8	
607	6.0700		-18	-4	
608	6.0800		-19	-1	
609	6.0900		-20	3	
610	6.1000		-21	7	
611	6.1100		-22	10	
612	6.1200		-23	14	
613	6.1300		-24	18	
614	6.1400		-25	21	
615	6.1500		-26	24	
616	6.1600		-27	28	
617	6.1700		-28	31	
618	6.1800		-29	34	
619	6.1900		-30	36	
620	6.2000		-32	39	
621	6.2100		-32	42	
622	6.2200		-34	44	
623	6.2300		-35	46	
624	6.2400		-36	48	
625	6.2500		-37	49	
626	6.2600		-38	51	
627	6.2700		-39	52	
628	6.2800		-40	53	
629	6.2900		-40	53	
630	6.3000		-41	54	
631	6.3100		-42	54	
632	6.3200		-43	54	
633	6.3300		-44	53	
634	6.3400		-44	53	
635	6.3500		-44	52	
636	6.3600		-45	51	
637	6.3700		-46	50	
638	6.3800		-46	48	
639	6.3900		-46	47	
640	6.4000		-46	45	
641	6.4100		-46	43	
642	6.4200		-47	41	
643	6.4300		-47	38	
644	6.4400		-47	36	
645	6.4500		-46	33	
646	6.4600		-46	30	
647	6.4700		-46	28	
648	6.4800		-46	24	
649	6.4900		-46	22	
650	6.5000		-45	18	
651	6.5100		-44	15	
652	6.5200		-44	11	
653	6.5300		-43	8	
654	6.5400		-42	4	
655	6.5500		-42	1	
656	6.5600		-41	-3	
657	6.5700		-40	-6	
658	6.5800		-39	-10	
659	6.5900		-38	-14	
660	6.6000		-38	-17	
661	6.6100		-36	-20	
662	6.6200		-35	-24	
663	6.6300		-34	-27	
664	6.6400		-33	-30	
665	6.6500		-32	-34	
666	6.6600		-31	-36	
667	6.6700		-30	-39	
668	6.6800		-29	-42	
669	6.6900		-28	-44	
670	6.7000		-26	-47	
671	6.7100		-26	-49	
672	6.7200		-24	-51	
673	6.7300		-24	-53	
674	6.7400		-22	-54	
675	6.7500		-22	-56	
676	6.7600		-20	-57	
677	6.7700		-20	-58	
678	6.7800		-18	-58	
679	6.7900		-18	-59	
680	6.8000		-17	-59	
681	6.8100		-16	-59	
682	6.8200		-16	-59	
683	6.8300		-15	-58	
684	6.8400		-14	-58	
685	6.8500		-14	-56	
686	6.8600		-14	-55	
687	6.8700		-13	-54	
688	6.8800		-13	-52	
689	6.8900		-13	-50	
690	6.9000		-12	-48	
691	6.9100		-12	-46	
692	6.9200		-12	-44	
693	6.9300		-12	-41	
694	6.9400		-13	-38	
695	6.9500		-13	-35	
696	6.9600		-14	-32	
697	6.9700		-14	-29	
698	6.9800		-14	-26	
699	6.9900		-15	-22	
700	7.0000		-15	-18	
701	7.0100		-16	-15	
702	7.0200		-17	-11	
703	7.0300		-18	-8	
704	7.0400		-18	-4	
705	7.0500		-19	0	
706	7.0600		-20	4	
707	7.0700		-21	7	
708	7.0800		-22	11	
709	7.0900		-23	14	
710	7.1000		-24	18	
711	7.1100		-25	22	
712	7.1200		-26	25	
713	7.1300		-27	28	
714	7.1400		-28	31	
715	7.1500		-30	34	
716	7.1600		-30	37	
717	7.1700		-32	40	
718	7.1800		-33	42	
719	7.1900		-34	44	
720	7.2000		-35	46	
721	7.2100		-36	48	
722	7.2200		-37	50	
723	7.2300		-38	51	
724	7.2400		-39	52	
725	7.2500		-40	53	
726	7.2600		-40	54	
727	7.2700		-42	54	
728	7.2800		-42	54	
729	7.2900		-43	54	
730	7.3000		-44	54	
731	7.3100		-44	53	
732	7.3200		-45	52	
733	7.3300		-45	51	
734	7.3400		-46	50	
735	7.3500		-46	48	
736	7.3600		-46	47	
737	7.3700		-46	45	
738	7.3800		-46	43	
739	7.3900		-47	41	
740	7.4000		-47	38	
741	7.4100		-47	36	
742	7.4200		-46	33	
743	7.4300		-46	30	
744	7.4400		-46	27	
745	7.4500		-46	24	
746	7.4600		-46	21	
747	7.4700		-45	18	
748	7.4800		-44	14	
749	7.4900		-44	11	
750	7.5000		-43	8	
751	7.5100		-42	4	
752	7.5200		-42	0	
753	7.5300		-41	-3	
754	7.5400		-40	-7	
755	7.5500		-39	-10	
756	7.5600		-38	-14	
757	7.5700		-37	-17	
758	7.5800		-36	-21	
759	7.5900		-35	-24	
760	7.6000		-34	-28	
761	7.6100		-33	-31	
762	7.6200		-32	-34	
763	7.6300		-31	-37	
764	7.6400		-30	-40	
765	7.6500		-28	-42	
766	7.6600		-28	-45	
767	7.6700		-26	-47	
768	7.6800		-26	-49	
769	7.6900		-24	-52	
770	7.7000		-23	-53	
771	7.7100		-22	-55	
772	7.7200		-21	-56	
773	7.7300		-20	-57	
774	7.7400		-20	-58	
775	7.7500		-18	-59	
776	7.7600		-18	-59	
777	7.7700		-17	-59	
778	7.7800		-16	-59	
779	7.7900		-16	-59	
780	7.8000		-15	-58	
781	7.8100		-14	-58	
782	7.8200		-14	-56	
783	7.8300		-14	-55	
784	7.8400		-13	-54	
785	7.8500		-13	-52	
786	7.8600		-13	-50	
787	7.8700		-12	-48	
788	7.8800		-12	-46	
789	7.8900		-12	-44	
790	7.9000		-13	-41	
791	7.9100		-13	-38	
792	7.9200		-13	-35	
793	7.9300		-14	-32	
794	7.9400		-14	-28	
795	7.9500		-14	-25	
796	7.9600		-15	-22	
797	7.9700		-16	-18	
798	7.9800		-16	-14	
799	7.9900		-17	-11	
800	8.0000		-18	-7	
801	8.0100		-18	-4	
802	8.0200		-19	0	
803	8.0300		-20	4	
804	8.0400		-21	8	
805	8.0500		-22	12	
806	8.0600		-23	15	
807	8.0700		-24	18	
808	8.0800		-25	22	
809	8.0900		-26	25	
810	8.1000		-27	28	
811	8.1100		-28	32	
812	8.1200		-30	35	
813	8.1300		-31	38	
814	8.1400		-32	40	
815	8.1500		-33	42	
816	8.1600		-34	44	
817	8.1700		-35	46	
818	8.1800		-36	48	
819	8.1900		-37	50	
820	8.2000		-38	51	
821	8.2100		-39	52	
822	8.2200		-40	53	
823	8.2300		-41	54	
824	8.2400		-42	54	
825	8.2500		-42	54	
826	8.2600		-43	54	
827	8.2700		-44	53	
828	8.2800		-44	53	
829	8.2900		-45	52	
830	8.3000		-45	51	
831	8.3100		-46	50	
832	8.3200		-46	48	
833	8.3300		-46	46	
834	8.3400		-46	44	
835	8.3500		-47	42	
836	8.3600		-47	40	
837	8.3700		-47	38	
838	8.3800		-47	35	
839	8.3900		-46	33	
840	8.4000		-46	30	
841	8.4100		-46	27	
842	8.4200		-46	24	
843	8.4300		-45	20	
844	8.4400		-45	17	
845	8.4500		-44	14	
846	8.4600		-44	10	
847	8.4700		-43	7	
848	8.4800		-42	4	
849	8.4900		-42	0	
850	8.5000		-41	-4	
851	8.5100		-40	-8	
852	8.5200		-39	-11	
853	8.5300		-38	-14	
854	8.5400		-37	-18	
855	8.5500		-36	-22	
856	8.5600		-35	-25	
857	8.5700		-34	-28	
858	8.5800		-33	-31	
859	8.5900		-32	-34	
860	8.6000		-31	-38	
861	8.6100		-30	-40	
862	8.6200		-28	-43	
863	8.6300		-28	-46	
864	8.6400		-26	-48	
865	8.6500		-25	-50	
866	8.6600		-24	-52	
867	8.6700		-23	-54	
868	8.6800		-22	-55	
869	8.6900		-21	-56	
870	8.7000		-20	-58	
871	8.7100		-19	-58	
872	8.7200		-18	-59	
873	8.7300		-18	-60	
874	8.7400		-17	-60	
875	8.7500		-16	-60	
876	8.7600		-16	-59	
877	8.7700		-15	-58	
878	8.7800		-14	-58	
879	8.7900		-14	-57	
880	8.8000		-14	-55	
881	8.8100		-13	-54	
882	8.8200		-13	-52	
883	8.8300		-13	-50	
884	8.8400		-12	-48	
885	8.8500		-12	-46	
886	8.8600		-12	-43	
887	8.8700		-13	-40	
888	8.8800		-13	-38	
889	8.8900		-13	-35	
890	8.9000		-14	-32	
891	8.9100		-14	-28	
892	8.9200		-14	-25	
893	8.9300		-15	-21	
894	8.9400		-16	-18	
895	8.9500		-16	-14	
896	8.9600		-17	-10	
897	8.9700		-18	-7	
898	8.9800		-18	-3	
899	8.9900		-20	1	
900	9.0000		-20	4	
901	9.0100		-21	8	
902	9.0200		-22	12	
903	9.0300		-23	16	
904	9.0400		-24	19	
905	9.0500		-26	22	
906	9.0600		-26	26	
907	9.0700		-28	29	
908	9.0800		-29	32	
909	9.0900		-30	35	
910	9.1000		-31	38	
911	9.1100		-32	40	
912	9.1200		-33	43	
913	9.1300		-34	45	
914	9.1400		-35	47	
915	9.1500		-36	48	
916	9.1600		-37	50	
917	9.1700		-38	51	
918	9.1800		-39	52	
919	9.1900		-40	53	
920	9.2000		-41	54	
921	9.2100		-42	54	
922	9.2200		-42	54	
923	9.2300		-43	54	
924	9.2400		-44	53	
925	9.2500		-44	53	
926	9.2600		-45	52	
927	9.2700		-46	51	
928	9.2800		-46	50	
929	9.2900		-46	48	
930	9.3000		-46	46	
931	9.3100		-46	44	
932	9.3200		-47	42	
933	9.3300		-47	40	
934	9.3400		-47	38	
935	9.3500		-46	35	
936	9.3600		-46	32	
937	9.3700		-46	30	
938	9.3800		-46	26	
939	9.3900		-46	23	
940	9.4000		-45	20	
941	9.4100		-45	17	
942	9.4200		-44	13	
943	9.4300		-44	10	
944	9.4400		-43	6	
945	9.4500		-42	3	
946	9.4600		-42	-1	
947	9.4700		-40	-4	
948	9.4800		-40	-8	
949	9.4900		-39	-12	
950	9.5000		-38	-15	
951	9.5100		-37	-19	
952	9.5200		-36	-22	
953	9.5300		-35	-26	
954	9.5400		-34	-29	
955	9.5500		-33	-32	
956	9.5600		-32	-35	
957	9.5700		-30	-38	
958	9.5800		-30	-41	
959	9.5900		-28	-44	
960	9.6000		-27	-46	
961	9.6100		-26	-48	
962	9.6200		-25	-50	
963	9.6300		-24	-52	
964	9.6400		-23	-54	
965	9.6500		-22	-56	
966	9.6600		-21	-57	
967	9.6700		-20	-58	
968	9.6800		-19	-59	
969	9.6900		-18	-59	
970	9.7000		-18	-60	
971	9.7100		-17	-60	
972	9.7200		-16	-60	
973	9.7300		-15	-59	
974	9.7400		-15	-58	
975	9.7500		-14	-58	
976	9.7600		-14	-56	
977	9.7700		-14	-55	
978	9.7800		-13	-54	
979	9.7900		-13	-52	
980	9.8000		-13	-50	
981	9.8100		-12	-48	
982	9.8200		-12	-45	
983	9.8300		-12	-43	
984	9.8400		-13	-40	
985	9.8500		-13	-37	
986	9.8600		-13	-34	
987	9.8700		-14	-31	
988	9.8800		-14	-28	
989	9.8900		-14	-24	
990	9.9000		-15	-21	
991	9.9100		-16	-17	
992	9.9200		-16	-14	
993	9.9300		-17	-10	
994	9.9400		-18	-6	
995	9.9500		-19	-2	
996	9.9600		-20	2	
997	9.9700		-20	5	
998	9.9800		-22	9	
999	9.9900		-22	13	
1000	10.0000		-24	16	
