#	time(s)	count A	count B	count C	count D
1	0.0100		17	28	
2	0.0200		18	28	
3	0.0300		18	29	
4	0.0400		18	29	
5	0.0500		19	30	
6	0.0600		19	30	
7	0.0700		20	30	
8	0.0800		20	30	
9	0.0900		20	30	
10	0.1000		20	30	
11	0.1100		20	30	
12	0.1200		20	30	
13	0.1300		20	30	
14	0.1400		20	29	
15	0.1500		19	29	
16	0.1600		19	29	
17	0.1700		19	28	
18	0.1800		18	28	
19	0.1900		18	27	
20	0.2000		17	26	
21	0.2100		17	26	
22	0.2200		16	25	
23	0.2300		15	24	
24	0.2400		14	23	
25	0.2500		14	22	
26	0.2600		13	21	
27	0.2700		12	20	
28	0.2800		11	19	
29	0.2900		10	18	
30	0.3000		9	17	
31	0.3100		8	16	
32	0.3200		7	15	
33	0.3300		6	13	
34	0.3400		5	12	
35	0.3500		4	11	
36	0.3600		3	9	
37	0.3700		2	8	
38	0.3800		0	6	
39	0.3900		-1	5	
40	0.4000		-2	3	
41	0.4100		-3	2	
42	0.4200		-4	0	
43	0.4300		-6	-1	
44	0.4400		-7	-3	
45	0.4500		-8	-4	
46	0.4600		-9	-6	
47	0.4700		-10	-7	
48	0.4800		-12	-9	
49	0.4900		-13	-10	
50	0.5000		-14	-12	
51	0.5100		-15	-13	
52	0.5200		-16	-15	
53	0.5300		-18	-16	
54	0.5400		-18	-18	
55	0.5500		-20	-19	
56	0.5600		-20	-20	
57	0.5700		-22	-22	
58	0.5800		-22	-23	
59	0.5900		-23	-24	
60	0.6000		-24	-25	
61	0.6100		-25	-26	
62	0.6200		-26	-28	
63	0.6300		-26	-29	
64	0.6400		-27	-30	
65	0.6500		-28	-30	
66	0.6600		-28	-31	
67	0.6700		-29	-32	
68	0.6800		-29	-33	
69	0.6900		-30	-34	
70	0.7000		-30	-34	
71	0.7100		-30	-35	
72	0.7200		-31	-35	
73	0.7300		-31	-35	
74	0.7400		-31	-36	
75	0.7500		-31	-36	
76	0.7600		-31	-36	
77	0.7700		-31	-36	
78	0.7800		-31	-36	
79	0.7900		-31	-36	
80	0.8000		-31	-36	
81	0.8100		-30	-36	
82	0.8200		-30	-35	
83	0.8300		-30	-35	
84	0.8400		-30	-34	
85	0.8500		-29	-34	
86	0.8600		-28	-33	
87	0.8700		-28	-32	
88	0.8800		-28	-32	
89	0.8900		-27	-31	
90	0.9000		-26	-30	
91	0.9100		-26	-29	
92	0.9200		-24	-28	
93	0.9300		-24	-26	
94	0.9400		-23	-25	
95	0.9500		-22	-24	
96	0.9600		-21	-23	
97	0.9700		-20	-22	
98	0.9800		-19	-20	
99	0.9900		-18	-19	
100	1.0000		-17	-17	
101	1.0100		-16	-16	
102	1.0200		-14	-14	
103	1.0300		-14	-13	
104	1.0400		-12	-11	
105	1.0500		-11	-10	
106	1.0600		-10	-8	
107	1.0700		-9	-6	
108	1.0800		-8	-5	
109	1.0900		-6	-3	
110	1.1000		-5	-1	
111	1.1100		-4	0	
112	1.1200		-2	2	
113	1.1300		-2	4	
114	1.1400		0	5	
115	1.1500		1	7	
116	1.1600		2	8	
117	1.1700		4	10	
118	1.1800		4	11	
119	1.1900		6	13	
120	1.2000		7	14	
121	1.2100		8	16	
122	1.2200		9	17	
123	1.2300		10	18	
124	1.2400		11	20	
125	1.2500		12	21	
126	1.2600		13	22	
127	1.2700		14	23	
128	1.2800		14	24	
129	1.2900		15	25	
130	1.3000		16	26	
131	1.3100		16	27	
132	1.3200		17	27	
133	1.3300		18	28	
134	1.3400		18	29	
135	1.3500		18	29	
136	1.3600		19	29	
137	1.3700		19	30	
138	1.3800		20	30	
139	1.3900		20	30	
140	1.4000		20	30	
141	1.4100		20	30	
142	1.4200		20	30	
143	1.4300		20	30	
144	1.4400		20	30	
145	1.4500		20	29	
146	1.4600		19	29	
147	1.4700		19	28	
148	1.4800		19	28	
149	1.4900		18	27	
150	1.5000		18	27	
151	1.5100		17	26	
152	1.5200		17	26	
153	1.5300		16	25	
154	1.5400		15	24	
155	1.5500		14	23	
156	1.5600		14	22	
157	1.5700		13	21	
158	1.5800		12	20	
159	1.5900		11	19	
160	1.6000		10	18	
161	1.6100		9	17	
162	1.6200		8	16	
163	1.6300		7	14	
164	1.6400		6	13	
165	1.6500		5	12	
166	1.6600		4	10	
167	1.6700		3	9	
168	1.6800		2	8	
169	1.6900		0	6	
170	1.7000		-1	5	
171	1.7100		-2	3	
172	1.7200		-3	2	
173	1.7300		-4	0	
174	1.7400		-6	-1	
175	1.7500		-7	-3	
176	1.7600		-8	-4	
177	1.7700		-9	-6	
178	1.7800		-10	-7	
179	1.7900		-12	-9	
180	1.8000		-13	-10	
181	1.8100		-14	-12	
182	1.8200		-15	-13	
183	1.8300		-16	-15	
184	1.8400		-18	-16	
185	1.8500		-18	-18	
186	1.8600		-20	-19	
187	1.8700		-20	-20	
188	1.8800		-22	-22	
189	1.8900		-22	-23	
190	1.9000		-23	-24	
191	1.9100		-24	-25	
192	1.9200		-25	-26	
193	1.9300		-26	-28	
194	1.9400		-26	-29	
195	1.9500		-27	-30	
196	1.9600		-28	-30	
197	1.9700		-28	-31	
198	1.9800		-29	-32	
199	1.9900		-29	-33	
200	2.0000		-30	-34	
201	2.0100		-30	-34	
202	2.0200		-30	-35	
203	2.0300		-31	-35	
204	2.0400		-31	-35	
205	2.0500		-31	-36	
206	2.0600		-31	-36	
207	2.0700		-31	-36	
208	2.0800		-31	-36	
209	2.0900		-31	-36	
210	2.1000		-31	-36	
211	2.1100		-31	-36	
212	2.1200		-30	-36	
213	2.1300		-30	-35	
214	2.1400		-30	-35	
215	2.1500		-30	-34	
216	2.1600		-29	-34	
217	2.1700		-28	-33	
218	2.1800		-28	-32	
219	2.1900		-28	-32	
220	2.2000		-27	-31	
221	2.2100		-26	-30	
222	2.2200		-26	-29	
223	2.2300		-24	-28	
224	2.2400		-24	-27	
225	2.2500		-23	-25	
226	2.2600		-22	-24	
227	2.2700		-21	-23	
228	2.2800		-20	-22	
229	2.2900		-19	-20	
230	2.3000		-18	-19	
231	2.3100		-17	-17	
232	2.3200		-16	-16	
233	2.3300		-15	-14	
234	2.3400		-14	-13	
235	2.3500		-12	-11	
236	2.3600		-11	-10	
237	2.3700		-10	-8	
238	2.3800		-9	-6	
239	2.3900		-8	-5	
240	2.4000		-6	-3	
241	2.4100		-5	-1	
242	2.4200		-4	0	
243	2.4300		-2	2	
244	2.4400		-2	4	
245	2.4500		0	5	
246	2.4600		1	7	
247	2.4700		2	8	
248	2.4800		3	10	
249	2.4900		4	11	
250	2.5000		6	13	
251	2.5100		7	14	
252	2.5200		8	16	
253	2.5300		9	17	
254	2.5400		10	18	
255	2.5500		11	20	
256	2.5600		12	21	
257	2.5700		13	22	
258	2.5800		14	23	
259	2.5900		14	24	
260	2.6000		15	25	
261	2.6100		16	26	
262	2.6200		16	27	
263	2.6300		17	28	
264	2.6400		18	28	
265	2.6500		18	29	
266	2.6600		18	29	
267	2.6700		19	30	
268	2.6800		19	30	
269	2.6900		20	30	
270	2.7000		20	30	
271	2.7100		20	30	
272	2.7200		20	30	
273	2.7300		20	30	
274	2.7400		20	30	
275	2.7500		20	30	
276	2.7600		20	29	
277	2.7700		19	29	
278	2.7800		19	29	
279	2.7900		19	28	
280	2.8000		18	28	
281	2.8100		18	27	
282	2.8200		17	26	
283	2.8300		17	26	
284	2.8400		16	25	
285	2.8500		15	24	
286	2.8600		14	23	
287	2.8700		14	22	
288	2.8800		13	21	
289	2.8900		12	20	
290	2.9000		11	19	
291	2.9100		10	18	
292	2.9200		9	17	
293	2.9300		8	16	
294	2.9400		7	14	
295	2.9500		6	13	
296	2.9600		5	12	
297	2.9700		4	10	
298	2.9800		3	9	
299	2.9900		2	8	
300	3.0000		0	6	
301	3.0100		-1	5	
302	3.0200		-2	3	
303	3.0300		-3	2	
304	3.0400		-4	0	
305	3.0500		-6	-1	
306	3.0600		-7	-3	
307	3.0700		-8	-4	
308	3.0800		-9	-6	
309	3.0900		-10	-8	
310	3.1000		-12	-9	
311	3.1100		-13	-11	
312	3.1200		-14	-12	
313	3.1300		-15	-14	
314	3.1400		-16	-15	
315	3.1500		-18	-16	
316	3.1600		-18	-18	
317	3.1700		-20	-19	
318	3.1800		-20	-21	
319	3.1900		-22	-22	
320	3.2000		-22	-23	
321	3.2100		-23	-24	
322	3.2200		-24	-26	
323	3.2300		-25	-27	
324	3.2400		-26	-28	
325	3.2500		-26	-29	
326	3.2600		-27	-30	
327	3.2700		-28	-31	
328	3.2800		-28	-32	
329	3.2900		-29	-32	
330	3.3000		-29	-33	
331	3.3100		-30	-34	
332	3.3200		-30	-34	
333	3.3300		-30	-35	
334	3.3400		-31	-35	
335	3.3500		-31	-35	
336	3.3600		-31	-36	
337	3.3700		-31	-36	
338	3.3800		-31	-36	
339	3.3900		-31	-36	
340	3.4000		-31	-36	
341	3.4100		-31	-36	
342	3.4200		-31	-36	
343	3.4300		-30	-35	
344	3.4400		-30	-35	
345	3.4500		-30	-35	
346	3.4600		-30	-34	
347	3.4700		-29	-34	
348	3.4800		-28	-33	
349	3.4900		-28	-32	
350	3.5000		-28	-31	
351	3.5100		-27	-30	
352	3.5200		-26	-30	
353	3.5300		-26	-28	
354	3.5400		-24	-27	
355	3.5500		-24	-26	
356	3.5600		-23	-25	
357	3.5700		-22	-24	
358	3.5800		-21	-23	
359	3.5900		-20	-21	
360	3.6000		-19	-20	
361	3.6100		-18	-18	
362	3.6200		-17	-17	
363	3.6300		-16	-16	
364	3.6400		-14	-14	
365	3.6500		-14	-12	
366	3.6600		-12	-11	
367	3.6700		-11	-9	
368	3.6800		-10	-8	
369	3.6900		-9	-6	
370	3.7000		-8	-4	
371	3.7100		-6	-3	
372	3.7200		-5	-1	
373	3.7300		-4	0	
374	3.7400		-2	2	
375	3.7500		-2	4	
376	3.7600		0	5	
377	3.7700		1	7	
378	3.7800		2	8	
379	3.7900		4	10	
380	3.8000		4	12	
381	3.8100		6	13	
382	3.8200		7	14	
383	3.8300		8	16	
384	3.8400		9	17	
385	3.8500		10	18	
386	3.8600		11	20	
387	3.8700		12	21	
388	3.8800		13	22	
389	3.8900		14	23	
390	3.9000		14	24	
391	3.9100		15	25	
392	3.9200		16	26	
393	3.9300		16	27	
394	3.9400		17	27	
395	3.9500		18	28	
396	3.9600		18	29	
397	3.9700		18	29	
398	3.9800		19	29	
399	3.9900		19	30	
400	4.0000		20	30	
401	4.0100		20	30	
402	4.0200		20	30	
403	4.0300		20	30	
404	4.0400		20	30	
405	4.0500		20	30	
406	4.0600		20	29	
407	4.0700		20	29	
408	4.0800		19	29	
409	4.0900		19	28	
410	4.1000		18	28	
411	4.1100		18	27	
412	4.1200		18	27	
413	4.1300		17	26	
414	4.1400		16	25	
415	4.1500		16	25	
416	4.1600		15	24	
417	4.1700		14	23	
418	4.1800		14	22	
419	4.1900		13	21	
420	4.2000		12	20	
421	4.2100		11	19	
422	4.2200		10	18	
423	4.2300		9	17	
424	4.2400		8	16	
425	4.2500		7	14	
426	4.2600		6	13	
427	4.2700		5	12	
428	4.2800		4	10	
429	4.2900		3	9	
430	4.3000		2	8	
431	4.3100		0	6	
432	4.3200		-1	5	
433	4.3300		-2	3	
434	4.3400		-3	2	
435	4.3500		-4	0	
436	4.3600		-6	-1	
437	4.3700		-7	-3	
438	4.3800		-8	-4	
439	4.3900		-9	-6	
440	4.4000		-10	-7	
441	4.4100		-12	-9	
442	4.4200		-13	-10	
443	4.4300		-14	-12	
444	4.4400		-15	-13	
445	4.4500		-16	-15	
446	4.4600		-18	-16	
447	4.4700		-18	-18	
448	4.4800		-20	-19	
449	4.4900		-20	-20	
450	4.5000		-22	-22	
451	4.5100		-22	-23	
452	4.5200		-23	-24	
453	4.5300		-24	-25	
454	4.5400		-25	-26	
455	4.5500		-26	-28	
456	4.5600		-26	-28	
457	4.5700		-27	-29	
458	4.5800		-28	-30	
459	4.5900		-28	-31	
460	4.6000		-29	-32	
461	4.6100		-29	-33	
462	4.6200		-30	-33	
463	4.6300		-30	-34	
464	4.6400		-30	-34	
465	4.6500		-31	-35	
466	4.6600		-31	-35	
467	4.6700		-31	-35	
468	4.6800		-31	-36	
469	4.6900		-31	-36	
470	4.7000		-31	-36	
471	4.7100		-31	-36	
472	4.7200		-31	-36	
473	4.7300		-31	-36	
474	4.7400		-30	-35	
475	4.7500		-30	-35	
476	4.7600		-30	-34	
477	4.7700		-30	-34	
478	4.7800		-29	-33	
479	4.7900		-28	-33	
480	4.8000		-28	-32	
481	4.8100		-28	-31	
482	4.8200		-27	-30	
483	4.8300		-26	-29	
484	4.8400		-25	-28	
485	4.8500		-24	-27	
486	4.8600		-24	-26	
487	4.8700		-23	-25	
488	4.8800		-22	-24	
489	4.8900		-21	-23	
490	4.9000		-20	-21	
491	4.9100		-19	-20	
492	4.9200		-18	-18	
493	4.9300		-17	-17	
494	4.9400		-16	-16	
495	4.9500		-14	-14	
496	4.9600		-14	-13	
497	4.9700		-12	-11	
498	4.9800		-11	-10	
499	4.9900		-10	-8	
500	5.0000		-9	-6	
501	5.0100		-8	-5	
502	5.0200		-6	-3	
503	5.0300		-5	-1	
504	5.0400		-4	0	
505	5.0500		-2	2	
506	5.0600		-2	4	
507	5.0700		0	5	
508	5.0800		1	7	
509	5.0900		2	8	
510	5.1000		4	10	
511	5.1100		4	11	
512	5.1200		6	13	
513	5.1300		7	14	
514	5.1400		8	16	
515	5.1500		9	17	
516	5.1600		10	18	
517	5.1700		11	20	
518	5.1800		12	21	
519	5.1900		13	22	
520	5.2000		14	23	
521	5.2100		14	24	
522	5.2200		15	25	
523	5.2300		16	26	
524	5.2400		16	27	
525	5.2500		17	27	
526	5.2600		18	28	
527	5.2700		18	28	
528	5.2800		18	29	
529	5.2900		19	29	
530	5.3000		19	30	
531	5.3100		20	30	
532	5.3200		20	30	
533	5.3300		20	30	
534	5.3400		20	30	
535	5.3500		20	30	
536	5.3600		20	30	
537	5.3700		20	30	
538	5.3800		20	29	
539	5.3900		19	29	
540	5.4000		19	28	
541	5.4100		18	28	
542	5.4200		18	28	
543	5.4300		18	27	
544	5.4400		17	26	
545	5.4500		16	26	
546	5.4600		16	25	
547	5.4700		15	24	
548	5.4800		14	23	
549	5.4900		14	22	
550	5.5000		13	21	
551	5.5100		12	20	
552	5.5200		11	19	
553	5.5300		10	18	
554	5.5400		9	17	
555	5.5500		8	16	
556	5.5600		7	14	
557	5.5700		6	13	
558	5.5800		5	12	
559	5.5900		4	11	
560	5.6000		3	9	
561	5.6100		2	8	
562	5.6200		0	6	
563	5.6300		-1	5	
564	5.6400		-2	3	
565	5.6500		-3	2	
566	5.6600		-4	0	
567	5.6700		-6	-1	
568	5.6800		-7	-3	
569	5.6900		-8	-4	
570	5.7000		-9	-6	
571	5.7100		-10	-7	
572	5.7200		-12	-9	
573	5.7300		-13	-10	
574	5.7400		-14	-12	
575	5.7500		-15	-13	
576	5.7600		-16	-15	
577	5.7700		-18	-16	
578	5.7800		-18	-18	
579	5.7900		-20	-19	
580	5.8000		-20	-20	
581	5.8100		-22	-22	
582	5.8200		-22	-23	
583	5.8300		-23	-24	
584	5.8400		-24	-26	
585	5.8500		-25	-27	
586	5.8600		-26	-28	
587	5.8700		-26	-29	
588	5.8800		-27	-30	
589	5.8900		-28	-31	
590	5.9000		-28	-31	
591	5.9100		-29	-32	
592	5.9200		-30	-33	
593	5.9300		-30	-34	
594	5.9400		-30	-34	
595	5.9500		-30	-35	
596	5.9600		-31	-35	
597	5.9700		-31	-36	
598	5.9800		-31	-36	
599	5.9900		-31	-36	
600	6.0000		-31	-36	
601	6.0100		-31	-36	
602	6.0200		-31	-36	
603	6.0300		-31	-36	
604	6.0400		-31	-36	
605	6.0500		-30	-36	
606	6.0600		-30	-35	
607	6.0700		-30	-35	
608	6.0800		-30	-34	
609	6.0900		-29	-34	
610	6.1000		-28	-33	
611	6.1100		-28	-32	
612	6.1200		-28	-32	
613	6.1300		-27	-31	
614	6.1400		-26	-30	
615	6.1500		-25	-29	
616	6.1600		-24	-28	
617	6.1700		-24	-27	
618	6.1800		-23	-25	
619	6.1900		-22	-24	
620	6.2000		-21	-23	
621	6.2100		-20	-22	
622	6.2200		-19	-20	
623	6.2300		-18	-19	
624	6.2400		-17	-17	
625	6.2500		-16	-16	
626	6.2600		-14	-14	
627	6.2700		-14	-13	
628	6.2800		-12	-11	
629	6.2900		-11	-10	
630	6.3000		-10	-8	
631	6.3100		-8	-6	
632	6.3200		-8	-4	
633	6.3300		-6	-3	
634	6.3400		-5	-1	
635	6.3500		-4	0	
636	6.3600		-2	2	
637	6.3700		-2	4	
638	6.3800		0	5	
639	6.3900		1	7	
640	6.4000		2	8	
641	6.4100		4	10	
642	6.4200		4	12	
643	6.4300		6	13	
644	6.4400		7	14	
645	6.4500		8	16	
646	6.4600		9	17	
647	6.4700		10	19	
648	6.4800		11	20	
649	6.4900		12	21	
650	6.5000		13	22	
651	6.5100		14	23	
652	6.5200		14	24	
653	6.5300		15	25	
654	6.5400		16	26	
655	6.5500		16	27	
656	6.5600		17	28	
657	6.5700		18	28	
658	6.5800		18	29	
659	6.5900		18	29	
660	6.6000		19	30	
661	6.6100		19	30	
662	6.6200		20	30	
663	6.6300		20	30	
664	6.6400		20	30	
665	6.6500		20	30	
666	6.6600		20	30	
667	6.6700		20	30	
668	6.6800		20	30	
669	6.6900		20	29	
670	6.7000		19	29	
671	6.7100		19	28	
672	6.7200		18	28	
673	6.7300		18	27	
674	6.7400		18	27	
675	6.7500		17	26	
676	6.7600		16	25	
677	6.7700		16	25	
678	6.7800		15	24	
679	6.7900		14	23	
680	6.8000		14	22	
681	6.8100		13	21	
682	6.8200		12	20	
683	6.8300		11	19	
684	6.8400		10	18	
685	6.8500		9	17	
686	6.8600		8	15	
687	6.8700		7	14	
688	6.8800		6	13	
689	6.8900		5	12	
690	6.9000		4	10	
691	6.9100		3	9	
692	6.9200		2	7	
693	6.9300		0	6	
694	6.9400		-1	4	
695	6.9500		-2	3	
696	6.9600		-3	2	
697	6.9700		-4	0	
698	6.9800		-6	-2	
699	6.9900		-7	-3	
700	7.0000		-8	-5	
701	7.0100		-9	-6	
702	7.0200		-10	-8	
703	7.0300		-12	-9	
704	7.0400		-13	-11	
705	7.0500		-14	-12	
706	7.0600		-15	-14	
707	7.0700		-16	-15	
708	7.0800		-18	-16	
709	7.0900		-18	-18	
710	7.1000		-20	-19	
711	7.1100		-20	-20	
712	7.1200		-22	-22	
713	7.1300		-22	-23	
714	7.1400		-23	-24	
715	7.1500		-24	-25	
716	7.1600		-25	-26	
717	7.1700		-26	-28	
718	7.1800		-26	-29	
719	7.1900		-27	-30	
720	7.2000		-28	-30	
721	7.2100		-28	-31	
722	7.2200		-29	-32	
723	7.2300		-30	-33	
724	7.2400		-30	-33	
725	7.2500		-30	-34	
726	7.2600		-30	-34	
727	7.2700		-31	-35	
728	7.2800		-31	-35	
729	7.2900		-31	-35	
730	7.3000		-31	-36	
731	7.3100		-31	-36	
732	7.3200		-31	-36	
733	7.3300		-31	-36	
734	7.3400		-31	-36	
735	7.3500		-31	-35	
736	7.3600		-30	-35	
737	7.3700		-30	-35	
738	7.3800		-30	-34	
739	7.3900		-30	-34	
740	7.4000		-29	-33	
741	7.4100		-28	-33	
742	7.4200		-28	-32	
743	7.4300		-28	-31	
744	7.4400		-27	-30	
745	7.4500		-26	-29	
746	7.4600		-25	-28	
747	7.4700		-24	-27	
748	7.4800		-24	-26	
749	7.4900		-23	-25	
750	7.5000		-22	-24	
751	7.5100		-21	-22	
752	7.5200		-20	-21	
753	7.5300		-19	-20	
754	7.5400		-18	-18	
755	7.5500		-17	-17	
756	7.5600		-16	-15	
757	7.5700		-14	-14	
758	7.5800		-14	-12	
759	7.5900		-12	-11	
760	7.6000		-11	-9	
761	7.6100		-10	-8	
762	7.6200		-8	-6	
763	7.6300		-8	-4	
764	7.6400		-6	-3	
765	7.6500		-5	-1	
766	7.6600		-4	0	
767	7.6700		-2	2	
768	7.6800		-1	4	
769	7.6900		0	5	
770	7.7000		1	7	
771	7.7100		2	8	
772	7.7200		4	10	
773	7.7300		4	11	
774	7.7400		6	13	
775	7.7500		7	14	
776	7.7600		8	16	
777	7.7700		9	17	
778	7.7800		10	18	
779	7.7900		11	20	
780	7.8000		12	21	
781	7.8100		13	22	
782	7.8200		14	23	
783	7.8300		14	24	
784	7.8400		15	25	
785	7.8500		16	26	
786	7.8600		16	26	
787	7.8700		17	27	
788	7.8800		18	28	
789	7.8900		18	28	
790	7.9000		18	29	
791	7.9100		19	29	
792	7.9200		19	29	
793	7.9300		20	30	
794	7.9400		20	30	
795	7.9500		20	30	
796	7.9600		20	30	
797	7.9700		20	30	
798	7.9800		20	29	
799	7.9900		20	29	
800	8.0000		20	29	
801	8.0100		19	29	
802	8.0200		19	28	
803	8.0300		18	28	
804	8.0400		18	27	
805	8.0500		18	27	
806	8.0600		17	26	
807	8.0700		16	25	
808	8.0800		16	24	
809	8.0900		15	24	
810	8.1000		14	23	
811	8.1100		14	22	
812	8.1200		13	21	
813	8.1300		12	20	
814	8.1400		11	19	
815	8.1500		10	18	
816	8.1600		9	17	
817	8.1700		8	16	
818	8.1800		7	14	
819	8.1900		6	13	
820	8.2000		5	12	
821	8.2100		4	10	
822	8.2200		2	9	
823	8.2300		2	8	
824	8.2400		0	6	
825	8.2500		-1	5	
826	8.2600		-2	3	
827	8.2700		-3	2	
828	8.2800		-4	0	
829	8.2900		-6	-1	
830	8.3000		-7	-3	
831	8.3100		-8	-4	
832	8.3200		-10	-6	
833	8.3300		-10	-7	
834	8.3400		-12	-9	
835	8.3500		-13	-10	
836	8.3600		-14	-12	
837	8.3700		-15	-13	
838	8.3800		-16	-15	
839	8.3900		-18	-16	
840	8.4000		-18	-18	
841	8.4100		-20	-19	
842	8.4200		-20	-20	
843	8.4300		-22	-22	
844	8.4400		-22	-23	
845	8.4500		-24	-24	
846	8.4600		-24	-25	
847	8.4700		-25	-26	
848	8.4800		-26	-27	
849	8.4900		-26	-28	
850	8.5000		-27	-29	
851	8.5100		-28	-30	
852	8.5200		-28	-31	
853	8.5300		-29	-32	
854	8.5400		-30	-33	
855	8.5500		-30	-33	
856	8.5600		-30	-34	
857	8.5700		-30	-34	
858	8.5800		-31	-35	
859	8.5900		-31	-35	
860	8.6000		-31	-36	
861	8.6100		-31	-36	
862	8.6200		-31	-36	
863	8.6300		-31	-36	
864	8.6400		-31	-36	
865	8.6500		-31	-36	
866	8.6600		-31	-36	
867	8.6700		-30	-35	
868	8.6800		-30	-35	
869	8.6900		-30	-35	
870	8.7000		-30	-34	
871	8.7100		-29	-34	
872	8.7200		-28	-33	
873	8.7300		-28	-32	
874	8.7400		-28	-31	
875	8.7500		-27	-30	
876	8.7600		-26	-30	
877	8.7700		-25	-29	
878	8.7800		-24	-28	
879	8.7900		-24	-26	
880	8.8000		-23	-25	
881	8.8100		-22	-24	
882	8.8200		-21	-23	
883	8.8300		-20	-21	
884	8.8400		-19	-20	
885	8.8500		-18	-19	
886	8.8600		-17	-17	
887	8.8700		-16	-16	
888	8.8800		-14	-14	
889	8.8900		-13	-13	
890	8.9000		-12	-11	
891	8.9100		-11	-9	
892	8.9200		-10	-8	
893	8.9300		-8	-6	
894	8.9400		-7	-5	
895	8.9500		-6	-3	
896	8.9600		-5	-1	
897	8.9700		-4	0	
898	8.9800		-2	2	
899	8.9900		-1	4	
900	9.0000		0	5	
901	9.0100		1	7	
902	9.0200		2	8	
903	9.0300		4	10	
904	9.0400		5	12	
905	9.0500		6	13	
906	9.0600		7	14	
907	9.0700		8	16	
908	9.0800		9	17	
909	9.0900		10	18	
910	9.1000		11	20	
911	9.1100		12	21	
912	9.1200		13	22	
913	9.1300		14	23	
914	9.1400		14	24	
915	9.1500		15	25	
916	9.1600		16	26	
917	9.1700		16	27	
918	9.1800		17	28	
919	9.1900		18	28	
920	9.2000		18	29	
921	9.2100		18	29	
922	9.2200		19	30	
923	9.2300		19	30	
924	9.2400		20	30	
925	9.2500		20	30	
926	9.2600		20	30	
927	9.2700		20	30	
928	9.2800		20	30	
929	9.2900		20	30	
930	9.3000		20	30	
931	9.3100		20	29	
932	9.3200		19	29	
933	9.3300		19	29	
934	9.3400		18	28	
935	9.3500		18	28	
936	9.3600		18	27	
937	9.3700		17	26	
938	9.3800		16	26	
939	9.3900		16	25	
940	9.4000		15	24	
941	9.4100		14	23	
942	9.4200		14	22	
943	9.4300		13	21	
944	9.4400		12	20	
945	9.4500		11	19	
946	9.4600		10	18	
947	9.4700		9	17	
948	9.4800		8	16	
949	9.4900		7	14	
950	9.5000		6	13	
951	9.5100		5	12	
952	9.5200		4	10	
953	9.5300		2	9	
954	9.5400		1	8	
955	9.5500		0	6	
956	9.5600		-1	5	
957	9.5700		-2	3	
958	9.5800		-4	2	
959	9.5900		-4	0	
960	9.6000		-6	-2	
961	9.6100		-7	-3	
962	9.6200		-8	-5	
963	9.6300		-10	-6	
964	9.6400		-11	-8	
965	9.6500		-12	-9	
966	9.6600		-13	-11	
967	9.6700		-14	-12	
968	9.6800		-16	-14	
969	9.6900		-16	-15	
970	9.7000		-18	-17	
971	9.7100		-19	-18	
972	9.7200		-20	-19	
973	9.7300		-21	-21	
974	9.7400		-22	-22	
975	9.7500		-22	-23	
976	9.7600		-24	-25	
977	9.7700		-24	-26	
978	9.7800		-25	-27	
979	9.7900		-26	-28	
980	9.8000		-26	-29	
981	9.8100		-27	-30	
982	9.8200		-28	-31	
983	9.8300		-28	-32	
984	9.8400		-29	-32	
985	9.8500		-30	-33	
986	9.8600		-30	-34	
987	9.8700		-30	-34	
988	9.8800		-30	-35	
989	9.8900		-31	-35	
990	9.9000		-31	-36	
991	9.9100		-31	-36	
992	9.9200		-31	-36	
993	9.9300		-31	-36	
994	9.9400		-31	-36	
995	9.9500		-31	-36	
996	9.9600		-31	-36	
997	9.9700		-31	-36	
998	9.9800		-30	-36	
999	9.9900		-30	-35	
1000	10.0000		-30	-35	
